Zpt Xsec and NormDiffXsec

1       37.28191092     0.03335570
2       66.31831043     0.05909690
3       57.00804000     0.05080043
4       46.52596889     0.04145975
5       38.08833669     0.03394089
6       31.12888250     0.02773926
7       24.92054938     0.02220695
8       19.97100007     0.01779636
9       50.81203376     0.01131978
10      26.97773000     0.00601003
11      16.06543524     0.00357902
12      16.95359452     0.00188844
13      7.65104981      0.00085224
14      3.74688700      0.00041736
15      3.24848082      0.00018092
16      1.19470425      0.00006654
17      0.63890929      0.00002372
18      0.34258952      0.00000218

