Norm Diff Xsec Scale systematics %
05Q             2Q	

3.86            0.63
2.94            2.19
1.60            3.66
0.74            3.71
0.30            3.42
0.07            2.92
0.58            0.15
1.19            3.24
2.04            7.06
3.14            9.03
3.99            7.77
4.75            4.20
5.74            1.30
6.31            6.67
7.04            9.50
7.45            10.18
7.67            10.30
6.57            10.42

Choose bigger one
3.86
2.94
3.66
3.71
3.42
2.92
0.58
3.24
7.06
9.03
7.77
4.75
5.74
6.67
9.50
10.18
10.30
10.42

