Nsimul N of bins: 13
Total Events:             809529.2
NsimulEven:             404921.5
NsimulOdd:             404607.7
NdetectorResponse: 809529.2
NdetectorResponseEffCorr: 809529.2
Real Data: 43563.87
xini, bini in Detector Unfolding
1	268138.1	149696.9
2	167963	169866.8
3	103289.7	141923.5
4	84475.03	122557.6
5	49806.45	68243.61
6	51343.29	63624.7
7	29442.41	33815.24
8	29280.2	32300.57
9	18366.56	19252.86
10	4842.721	5253.475
11	1489.014	1703.697
12	758.517	834.7697
13	384.8445	455.3622
Effi Reco stage Syst
Bin	Wpt yield 	Cov_i_i	Err	Err/Wpt(%)
=============================================================
1	8649.4581		154.5613		12.4323		0.1437
2	8955.8737		57.6947		7.5957		0.0848
3	7202.3335		47.9864		6.9272		0.0962
4	6279.2112		116.1451		10.7771		0.1716
5	3533.7342		46.8558		6.8451		0.1937
6	3559.9419		82.3131		9.0727		0.2549
7	1947.2231		64.1887		8.0118		0.4114
8	1772.9606		129.0621		11.3606		0.6408
9	1215.2404		66.1100		8.1308		0.6691
10	283.9106		2.8611		1.6915		0.5958
11	98.3451		23.6466		4.8628		4.9446
12	48.9121		1.1153		1.0561		2.1592
13	16.7264		3.5447		1.8827		11.2561
Smear Reco stage Syst
Bin	Wpt yield 		Cov_i_i		Err	Err/Wpt(%)
	 					
1	8649.4581		1.0972		1.0475		0.0121
2	8955.8737		3.5189		1.8759		0.0209
3	7202.3335		8.6559		2.9421		0.0408
4	6279.2112		15.2549		3.9057		0.0622
5	3533.7342		13.5353		3.6790		0.1041
6	3559.9419		23.2138		4.8181		0.1353
7	1947.2231		18.0857		4.2527		0.2184
8	1772.9606		11.8955		3.4490		0.1945
9	1215.2404		4.7581		2.1813		0.1795
10	283.9106		0.9114		0.9547		0.3363
11	98.3451		0.3341		0.5780		0.5877
12	48.9121		0.1045		0.3233		0.6610
13	16.7264		0.0274		0.1656		0.9898
Recoil Reco stage Syst
Bin	Wpt yield 		Cov_i_i		Err	Err/Wpt(%)
	 					
1	8649.4581		155.9687		12.4887		0.1444
2	8955.8737		88.6823		9.4171		0.1052
3	7202.3335		56.9035		7.5434		0.1047
4	6279.2112		100.6823		10.0341		0.1598
5	3533.7342		42.6538		6.5310		0.1848
6	3559.9419		71.0389		8.4285		0.2368
7	1947.2231		72.8208		8.5335		0.4382
8	1772.9606		92.3525		9.6100		0.5420
9	1215.2404		64.8211		8.0512		0.6625
10	283.9106		5.3143		2.3053		0.8120
11	98.3451		26.7996		5.1768		5.2639
12	48.9121		1.1883		1.0901		2.2286
13	16.7264		2.2844		1.5114		9.0361
Scale Reco stage Syst
Bin	Wpt yield 	Cov_i_i	Err	Err/Wpt(%)
=============================================================
1	8649.4581	120.4363	10.9743	0.1269
2	8955.8737	108.8207	10.4317	0.1165
3	7202.3335	21.9038	4.6801	0.0650
4	6279.2112	52.8341	7.2687	0.1158
5	3533.7342	60.0675	7.7503	0.2193
6	3559.9419	15.5718	3.9461	0.1108
7	1947.2231	14.7102	3.8354	0.1970
8	1772.9606	29.0530	5.3901	0.3040
9	1215.2404	4.7084	2.1699	0.1786
10	283.9106	0.3231	0.5684	0.2002
11	98.3451	0.0008	0.0291	0.0295
12	48.9121	0.0304	0.1742	0.3562
13	16.7264	0.0016	0.0400	0.2392
En.Res. Reco stage Syst
Bin	Wpt yield 	Sqrt(Scale^2+Smear^2)
=============================================================
1	8649.4581	0.1275
2	8955.8737	0.1183
3	7202.3335	0.0768
4	6279.2112	0.1314
5	3533.7342	0.2428
6	3559.9419	0.1749
7	1947.2231	0.2941
8	1772.9606	0.3609
9	1215.2404	0.2532
10	283.9106	0.3913
11	98.3451	0.5884
12	48.9121	0.7509
13	16.7264	1.0183
Statistic Reco stage
Bin	Wpt yield 		Cov_i_i		Err	Err/Wpt(%)
	 					
1	8649.4581		8649.4581		93.0025		1.0752
2	8955.8737		8955.8737		94.6355		1.0567
3	7202.3335		7202.3335		84.8666		1.1783
4	6279.2112		6279.2112		79.2415		1.2620
5	3533.7342		3533.7342		59.4452		1.6822
6	3559.9419		3559.9419		59.6652		1.6760
7	1947.2231		1947.2231		44.1274		2.2662
8	1772.9606		1772.9606		42.1065		2.3749
9	1215.2404		1215.2404		34.8603		2.8686
10	283.9106		283.9106		16.8496		5.9348
11	98.3451		98.3451		9.9169		10.0838
12	48.9121		48.9121		6.9937		14.2986
13	16.7264		16.7264		4.0898		24.4511


Systematics 
Bin		Statistic err		Lept Recon Effi Syst 		Smear Syst		Recoil syst		Scale Syst
		 										
1		1.0752		0.1437		0.0121		0.1444		0.1269
2		1.0567		0.0848		0.0209		0.1052		0.1165
3		1.1783		0.0962		0.0408		0.1047		0.0650
4		1.2620		0.1716		0.0622		0.1598		0.1158
5		1.6822		0.1937		0.1041		0.1848		0.2193
6		1.6760		0.2549		0.1353		0.2368		0.1108
7		2.2662		0.4114		0.2184		0.4382		0.1970
8		2.3749		0.6408		0.1945		0.5420		0.3040
9		2.8686		0.6691		0.1795		0.6625		0.1786
10		5.9348		0.5958		0.3363		0.8120		0.2002
11		10.0838		4.9446		0.5877		5.2639		0.0295
12		14.2986		2.1592		0.6610		2.2286		0.3562
13		24.4511		11.2561		0.9898		9.0361		0.2392



Total Systematics - Reconstruction stage
		Sqrt(LeptRecEff^2 + Scale^2 + Smear^2 +Recoil^2) 
		 		
0.2403
0.1796
0.1616
0.2688
0.3614
0.3894
0.6692
0.9136
0.9750
1.0805
7.2460
3.1926
14.4702
Unfolding response Matrices
Bin	 dUnf	 FSR Unf
1 1	92178.3597	422393.0000
1 2	38533.8360	6894.0000
1 3	12919.5225	897.0000
1 4	4576.0284	272.0000
1 5	1006.1848	89.0000
1 6	376.6228	31.0000
1 7	82.9197	7.0000
1 8	22.4659	1.0000
1 9	0.9816	0.0000
1 10	0.0000	0.0000
1 11	0.0000	0.0000
1 12	0.0000	0.0000
1 13	0.0000	0.0000
2 1	87616.0452	9391.0000
2 2	48064.6519	242584.0000
2 3	21405.4130	4666.0000
2 4	9475.0046	773.0000
2 5	2304.6230	171.0000
2 6	833.3147	86.0000
2 7	135.3050	12.0000
2 8	31.4600	6.0000
2 9	1.0150	0.0000
2 10	0.0000	0.0000
2 11	0.0000	0.0000
2 12	0.0000	0.0000
2 13	0.0000	0.0000
3 1	53199.4842	1518.0000
3 2	40602.2232	3934.0000
3 3	25538.4974	144341.0000
3 4	15619.2864	3532.0000
3 5	4797.5809	442.0000
3 6	1778.4083	198.0000
3 7	294.1004	45.0000
3 8	86.0499	12.0000
3 9	7.8918	5.0000
3 10	0.0000	0.0000
3 11	0.0000	0.0000
3 12	0.0000	0.0000
3 13	0.0000	0.0000
4 1	26747.2517	122.0000
4 2	28296.1741	395.0000
4 3	25574.2756	1882.0000
4 4	24183.2160	116372.0000
4 5	11209.3241	2810.0000
4 6	5516.1713	594.0000
4 7	827.0268	116.0000
4 8	194.3588	45.0000
4 9	9.8468	13.0000
4 10	0.0000	1.0000
4 11	0.0000	0.0000
4 12	0.0000	0.0000
4 13	0.0000	0.0000
5 1	6578.4636	19.0000
5 2	8966.0806	30.0000
5 3	11815.4945	49.0000
5 4	17010.4825	801.0000
5 5	12330.3094	67773.0000
5 6	9216.8634	2200.0000
5 7	1945.2767	266.0000
5 8	358.9746	81.0000
5 9	21.6667	18.0000
5 10	0.0000	2.0000
5 11	0.0000	0.0000
5 12	0.0000	0.0000
5 13	0.0000	0.0000
6 1	1734.6054	14.0000
6 2	3138.4635	13.0000
6 3	5179.8532	14.0000
6 4	11210.6102	22.0000
6 5	13672.2142	328.0000
6 6	19010.0704	69850.0000
6 7	7539.2939	1660.0000
6 8	2027.2419	347.0000
6 9	112.3450	54.0000
6 10	0.0000	7.0000
6 11	0.0000	0.0000
6 12	0.0000	1.0000
6 13	0.0000	0.0000
7 1	75.3234	4.0000
7 2	337.5880	2.0000
7 3	758.1092	1.0000
7 4	2010.0465	11.0000
7 5	3651.1721	3.0000
7 6	10882.2434	83.0000
7 7	10132.7467	38840.0000
7 8	5652.8486	1303.0000
7 9	314.1301	104.0000
7 10	1.0273	6.0000
7 11	0.0000	2.0000
7 12	0.0000	0.0000
7 13	0.0000	0.0000
8 1	2.8193	2.0000
8 2	23.9795	2.0000
8 3	97.5679	0.0000
8 4	380.4835	3.0000
8 5	801.7673	0.0000
8 6	3545.6591	4.0000
8 7	7934.5832	25.0000
8 8	16131.1061	38511.0000
8 9	3366.7754	840.0000
8 10	15.8246	18.0000
8 11	0.0000	4.0000
8 12	0.0000	0.0000
8 13	0.0000	0.0000
9 1	1.8820	3.0000
9 2	0.0000	0.0000
9 3	0.9412	2.0000
9 4	9.8669	1.0000
9 5	33.2697	0.0000
9 6	183.9405	0.0000
9 7	550.1398	0.0000
9 8	4729.9990	9.0000
9 9	12666.4330	24038.0000
9 10	1071.3281	280.0000
9 11	5.0629	11.0000
9 12	0.0000	6.0000
9 13	0.0000	0.0000
10 1	0.9412	0.0000
10 2	0.0000	0.0000
10 3	0.0000	0.0000
10 4	0.0000	0.0000
10 5	0.0000	0.0000
10 6	0.0000	0.0000
10 7	1.0150	0.0000
10 8	44.7076	0.0000
10 9	1595.0876	1.0000
10 10	3261.0357	6110.0000
10 11	350.6882	119.0000
10 12	0.0000	7.0000
10 13	0.0000	2.0000
11 1	0.0000	0.0000
11 2	0.0000	0.0000
11 3	0.0000	0.0000
11 4	0.0000	0.0000
11 5	0.0000	0.0000
11 6	0.0000	0.0000
11 7	0.0000	0.0000
11 8	0.9846	0.0000
11 9	87.0228	0.0000
11 10	490.4802	0.0000
11 11	1022.1313	1883.0000
11 12	103.0783	46.0000
11 13	0.0000	3.0000
12 1	0.0000	0.0000
12 2	0.0000	0.0000
12 3	0.0000	0.0000
12 4	0.0000	0.0000
12 5	0.0000	0.0000
12 6	0.0000	0.0000
12 7	0.0000	0.0000
12 8	0.0000	0.0000
12 9	51.0272	0.0000
12 10	3.0254	0.0000
12 11	111.1321	0.0000
12 12	655.4388	945.0000
12 13	14.1463	14.0000
13 1	2.8973	0.0000
13 2	0.0000	0.0000
13 3	0.0000	0.0000
13 4	0.0000	0.0000
13 5	0.0000	0.0000
13 6	0.0000	0.0000
13 7	0.0000	0.0000
13 8	0.0000	0.0000
13 9	82.7484	0.0000
13 10	0.0000	0.0000
13 11	0.0000	0.0000
13 12	0.0000	0.0000
13 13	369.7166	479.0000
bini and xini in Unfolding
Bin	 dUnf bini	 dUnf xini	 FSR Unf bini	 FSR Unf xini
1	149696.9215	268138.0730	430584.0000	433466.0000
2	169866.8324	167962.9969	257689.0000	253854.0000
3	141923.5225	103289.6745	154027.0000	151852.0000
4	122557.6453	84475.0252	122350.0000	121787.0000
5	68243.6120	49806.4453	71239.0000	71616.0000
6	63624.6976	51343.2938	72310.0000	73046.0000
7	33815.2352	29442.4071	40359.0000	40971.0000
8	32300.5660	29280.1969	39409.0000	40315.0000
9	19252.8630	18366.5597	24350.0000	25073.0000
10	5253.4752	4842.7213	6239.0000	6424.0000
11	1703.6972	1489.0145	1932.0000	2019.0000
12	834.7697	758.5170	959.0000	1005.0000
13	455.3622	384.8445	479.0000	498.0000
Effi Detector Unfolding stage Syst
Bin	Wpt yield 		Cov_i_i		Err	Err/Wpt(%)
	 					
1	14895.3811		256.8284		16.0259		0.1076
2	8806.5962		24.7689		4.9768		0.0565
3	5149.4606		46.9919		6.8551		0.1331
4	4223.1908		72.9492		8.5410		0.2022
5	2618.8188		36.4788		6.0398		0.2306
6	2861.5140		51.8688		7.2020		0.2517
7	1702.3993		19.3080		4.3941		0.2581
8	1719.7858		19.4833		4.4140		0.2567
9	1079.9479		18.1378		4.2589		0.3944
10	279.7138		4.0118		2.0029		0.7161
11	84.0858		0.8936		0.9453		1.1242
12	41.9486		0.3900		0.6245		1.4887
13	20.9894		0.1314		0.3624		1.7268
Scale Detector Unfolding stage Syst
Bin	Wpt yield 	Cov_i_i	Err	Err/Wpt(%)
=============================================================
1	14895.3811	247.3683	15.7279	0.1056
2	8806.5962	23.4954	4.8472	0.0550
3	5149.4606	32.2569	5.6795	0.1103
4	4223.1908	41.0242	6.4050	0.1517
5	2618.8188	11.1377	3.3373	0.1274
6	2861.5140	8.9434	2.9906	0.1045
7	1702.3993	4.5918	2.1428	0.1259
8	1719.7858	6.0768	2.4651	0.1433
9	1079.9479	2.0484	1.4312	0.1325
10	279.7138	0.1269	0.3562	0.1274
11	84.0858	0.0131	0.1144	0.1360
12	41.9486	0.0040	0.0636	0.1516
13	20.9894	0.0012	0.0341	0.1626
Smear Detector Unfolding stage Syst
Bin	Wpt yield 		Cov_i_i		Err	Err/Wpt(%)
	 					
1	14895.3811		12.8894		3.5902		0.0241
2	8806.5962		4.1322		2.0328		0.0231
3	5149.4606		6.6873		2.5860		0.0502
4	4223.1908		9.8398		3.1368		0.0743
5	2618.8188		5.6119		2.3690		0.0905
6	2861.5140		8.5947		2.9317		0.1025
7	1702.3993		3.0537		1.7475		0.1026
8	1719.7858		2.7040		1.6444		0.0956
9	1079.9479		1.1520		1.0733		0.0994
10	279.7138		0.1198		0.3462		0.1238
11	84.0858		0.0172		0.1310		0.1558
12	41.9486		0.0062		0.0785		0.1872
13	20.9894		0.0019		0.0434		0.2068
Recoil Detector Unfolding stage Syst
Bin	Wpt yield 		Cov_i_i		Err	Err/Wpt(%)
	 					
1	14895.3811		251.9498		15.8729		0.1066
2	8806.5962		29.7037		5.4501		0.0619
3	5149.4606		56.3715		7.5081		0.1458
4	4223.1908		76.1535		8.7266		0.2066
5	2618.8188		30.2126		5.4966		0.2099
6	2861.5140		35.5664		5.9638		0.2084
7	1702.3993		14.2029		3.7687		0.2214
8	1719.7858		22.2432		4.7163		0.2742
9	1079.9479		25.8398		5.0833		0.4707
10	279.7138		4.9317		2.2207		0.7939
11	84.0858		0.9491		0.9742		1.1586
12	41.9486		0.3752		0.6126		1.4603
13	20.9894		0.1199		0.3463		1.6499
Statistic Detector Unfolding stage
Bin	Wpt yield 		Cov_i_i		Err	Err/Wpt(%)
	 					
1	14895.3811		19674.4366		140.2656		0.9417
2	8806.5962		3336.7678		57.7648		0.6559
3	5149.4606		2853.7957		53.4209		1.0374
4	4223.1908		3356.2910		57.9335		1.3718
5	2618.8188		1303.6411		36.1060		1.3787
6	2861.5140		1488.1668		38.5768		1.3481
7	1702.3993		522.5772		22.8599		1.3428
8	1719.7858		654.0908		25.5752		1.4871
9	1079.9479		454.2658		21.3135		1.9736
10	279.7138		62.3736		7.8977		2.8235
11	84.0858		10.4456		3.2320		3.8436
12	41.9486		4.0412		2.0103		4.7922
13	20.9894		1.2688		1.1264		5.3666
Stat+Syst+RespMatErr systematic after Detector Unfolding
Bin	Wpt yield 		Cov_i_i		Err	Err/Wpt(%)
	 					
1	14895.3811		20443.4726		142.9807		0.9599
2	8806.5962		3418.8681		58.4711		0.6639
3	5149.4606		2996.1034		54.7367		1.0630
4	4223.1908		3556.2576		59.6344		1.4121
5	2618.8188		1387.0820		37.2436		1.4222
6	2861.5140		1593.1402		39.9142		1.3949
7	1702.3993		563.7337		23.7431		1.3947
8	1719.7858		704.5981		26.5443		1.5435
9	1079.9479		501.4438		22.3929		2.0735
10	279.7138		71.5637		8.4595		3.0244
11	84.0858		12.3185		3.5098		4.1740
12	41.9486		4.8166		2.1947		5.2318
13	20.9894		1.5231		1.2342		5.8799



Systematics
Bin		Statistic err		Lept Recon Effi Syst 				Smear Syst		Recoil syst		Scale Syst
		 												
1		0.9417		0.1076		0.0241		0.1066		0.1056
2		0.6559		0.0565		0.0231		0.0619		0.0550
3		1.0374		0.1331		0.0502		0.1458		0.1103
4		1.3718		0.2022		0.0743		0.2066		0.1517
5		1.3787		0.2306		0.0905		0.2099		0.1274
6		1.3481		0.2517		0.1025		0.2084		0.1045
7		1.3428		0.2581		0.1026		0.2214		0.1259
8		1.4871		0.2567		0.0956		0.2742		0.1433
9		1.9736		0.3944		0.0994		0.4707		0.1325
10		2.8235		0.7161		0.1238		0.7939		0.1274
11		3.8436		1.1242		0.1558		1.1586		0.1360
12		4.7922		1.4887		0.1872		1.4603		0.1516
13		5.3666		1.7268		0.2068		1.6499		0.1626



Systematics Detector Unfolding stage
		Sqrt(LeptRecEff^2 +  Smear^2 +Recoil^2 +Scale^2) 
		 		
0.1862
0.1029
0.2317
0.3348
0.3488
0.3580
0.3768
0.4132
0.6360
1.0838
1.6276
2.0992
2.4027
SVD_Post.uTotalCovMat  -  Systematics; 
Bin	Wpt yield 		Cov_i_i		Err	Err/Wpt(%)
==================================================================================================
1	14895.3811		21390.6181		146.2553		0.9819
2	8806.5962		3593.9686		59.9497		0.6807
3	5149.4606		3157.8562		56.1948		1.0913
4	4223.1908		3740.1279		61.1566		1.4481
5	2618.8188		1453.0438		38.1188		1.4556
6	2861.5140		1664.1001		40.7934		1.4256
7	1702.3993		591.9378		24.3298		1.4291
8	1719.7858		744.2931		27.2817		1.5863
9	1079.9479		528.6627		22.9927		2.1291
10	279.7138		75.4101		8.6839		3.1046
11	84.0858		12.9863		3.6036		4.2857
12	41.9486		5.0854		2.2551		5.3758
13	20.9894		1.6107		1.2691		6.0466
SVD_Post.uTotalSystCov  -  Systematics; 
Bin	Wpt yield 		Cov_i_i		Err	Err/Wpt(%)
==================================================================================================
1	14895.3811		769.0360		27.7315		0.1862
2	8806.5962		82.1003		9.0609		0.1029
3	5149.4606		142.3077		11.9293		0.2317
4	4223.1908		199.9666		14.1410		0.3348
5	2618.8188		83.4410		9.1346		0.3488
6	2861.5140		104.9733		10.2456		0.3580
7	1702.3993		41.1564		6.4153		0.3768
8	1719.7858		50.5073		7.1069		0.4132
9	1079.9479		47.1780		6.8686		0.6360
10	279.7138		9.1902		3.0315		1.0838
11	84.0858		1.8729		1.3685		1.6276
12	41.9486		0.7754		0.8806		2.0992
13	20.9894		0.2543		0.5043		2.4027
SVD_Post.uAdetCov  -  Response Matrix Systematics; 
Bin	Wpt yield 		Cov_i_i		Err	Err/Wpt(%)
==================================================================================================
1	14895.3811		947.1455		30.7757		0.2066
2	8806.5962		175.1005		13.2326		0.1503
3	5149.4606		161.7528		12.7182		0.2470
4	4223.1908		183.8703		13.5599		0.3211
5	2618.8188		65.9618		8.1217		0.3101
6	2861.5140		70.9600		8.4238		0.2944
7	1702.3993		28.2042		5.3108		0.3120
8	1719.7858		39.6950		6.3004		0.3663
9	1079.9479		27.2189		5.2172		0.4831
10	279.7138		3.8463		1.9612		0.7011
11	84.0858		0.6678		0.8172		0.9719
12	41.9486		0.2687		0.5184		1.2358
13	20.9894		0.0876		0.2959		1.4099
SVD_Post.uTauCov Detector Unfolding 
Bin	Wpt yield 		Cov_i_i		Err	Err/Wpt(%)
	 					
1	14895.3811		20143.9163		141.9293		0.9528
2	8806.5962		3253.6827		57.0411		0.6477
3	5149.4606		2910.1026		53.9454		1.0476
4	4223.1908		3547.7293		59.5628		1.4104
5	2618.8188		1366.5967		36.9675		1.4116
6	2861.5140		1535.8216		39.1896		1.3695
7	1702.3993		567.1570		23.8151		1.3989
8	1719.7858		732.6871		27.0682		1.5739
9	1079.9479		502.2199		22.4103		2.0751
10	279.7138		70.4095		8.3910		2.9999
11	84.0858		12.0695		3.4741		4.1316
12	41.9486		4.7087		2.1700		5.1729
13	20.9894		1.4861		1.2191		5.8080
SVD_Post.uTauCov->Add( SVD_Post.uAdetCov); 
Bin	Wpt yield 		Cov_i_i		Err	Err/Wpt(%)
	 					
1	14895.3811		21091.0618		145.2276		0.9750
2	8806.5962		3428.7832		58.5558		0.6649
3	5149.4606		3071.8554		55.4243		1.0763
4	4223.1908		3731.5996		61.0868		1.4465
5	2618.8188		1432.5585		37.8492		1.4453
6	2861.5140		1606.7816		40.0847		1.4008
7	1702.3993		595.3611		24.4000		1.4333
8	1719.7858		772.3821		27.7918		1.6160
9	1079.9479		529.4388		23.0095		2.1306
10	279.7138		74.2558		8.6172		3.0807
11	84.0858		12.7373		3.5689		4.2444
12	41.9486		4.9775		2.2310		5.3185
13	20.9894		1.5737		1.2545		5.9766
SVD_Post.uTotalRecoCovMat; 
Bin	Wpt yield 		Cov_i_i		Err	Err/Wpt(%)
	 					
1	14895.3811		21860.0978		147.8516		0.9926
2	8806.5962		3510.8835		59.2527		0.6728
3	5149.4606		3214.1631		56.6936		1.1010
4	4223.1908		3931.5662		62.7022		1.4847
5	2618.8188		1515.9994		38.9358		1.4868
6	2861.5140		1711.7549		41.3734		1.4459
7	1702.3993		636.5175		25.2293		1.4820
8	1719.7858		822.8894		28.6860		1.6680
9	1079.9479		576.6168		24.0128		2.2235
10	279.7138		83.4460		9.1349		3.2658
11	84.0858		14.6102		3.8223		4.5458
12	41.9486		5.7529		2.3985		5.7178
13	20.9894		1.8280		1.3520		6.4415
Yields after Detector Unfolding (dUnf, MC efficiency and MC event SF correction)
1	14895.3811	1.6057	23918.1253
2	8806.5962	1.5342	13511.4435
3	5149.4606	1.4914	7680.0426
4	4223.1908	1.4484	6116.9391
5	2618.8188	1.4304	3746.0281
6	2861.5140	1.4083	4029.8971
7	1702.3993	1.3709	2333.7583
8	1719.7858	1.3466	2315.7819
9	1079.9479	1.3260	1431.9843
10	279.7138	1.2883	360.3487
11	84.0858	1.2975	109.1016
12	41.9486	1.2642	53.0330
13	20.9894	1.2479	26.1916
FSR Syst 
Bin	Wpt yield 		Cov_i_i		Err	Err/Wpt(%)
	 					
1	14895.3811		8649.4581		122.0466		1.0383
2	8806.5962		8955.8737		93.8435		1.3199
3	5149.4606		7202.3335		71.7597		1.7018
4	4223.1908		6279.2112		64.9861		1.8519
5	2618.8188		3533.7342		51.1744		2.3371
6	2861.5140		3559.9419		53.4931		2.2185
7	1702.3993		1947.2231		41.2601		2.8377
8	1719.7858		1772.9606		41.4703		2.7982
9	1079.9479		1215.2404		32.8626		3.5040
10	279.7138		283.9106		16.7246		6.7865
11	84.0858		98.3451		9.1698		12.4220
12	41.9486		48.9121		6.4768		17.3602
13	20.9894		16.7264		4.5814		24.3827
SVD_Post.uTauCov->Add( SVD_Post.uAdetCov); Eff applied
Bin	Wpt yield 		Cov_i_i		Err	Err/Wpt(%)
	 					
1	23918.1253		54381.2868		233.1980		0.9750
2	13511.4435		8071.0002		89.8387		0.6649
3	7680.0426		6832.8918		82.6613		1.0763
4	6116.9391		7828.5610		88.4792		1.4465
5	3746.0281		2931.1871		54.1404		1.4453
6	4029.8971		3186.7867		56.4516		1.4008
7	2333.7583		1118.8435		33.4491		1.4333
8	2315.7819		1400.4861		37.4231		1.6160
9	1431.9843		930.8649		30.5101		2.1306
10	360.3487		123.2391		11.1013		3.0807
11	109.1016		21.4435		4.6307		4.2444
12	53.0330		7.9555		2.8205		5.3185
13	26.1916		2.4504		1.5654		5.9766
Effi Detector Unfolding MCEventEff apply stage Syst
Bin	Wpt yield 		Cov_i_i		Err	Err/Wpt(%)
	 					
1	23918.1253		662.2075		25.7334		0.1076
2	13511.4435		58.3034		7.6357		0.0565
3	7680.0426		104.5265		10.2238		0.1331
4	6116.9391		153.0408		12.3710		0.2022
5	3746.0281		74.6399		8.6394		0.2306
6	4029.8971		102.8733		10.1426		0.2517
7	2333.7583		36.2850		6.0237		0.2581
8	2315.7819		35.3272		5.9437		0.2567
9	1431.9843		31.8901		5.6471		0.3944
10	360.3487		6.6581		2.5803		0.7161
11	109.1016		1.5044		1.2265		1.1242
12	53.0330		0.6233		0.7895		1.4887
13	26.1916		0.2045		0.4523		1.7268
Scale Detector Unfolding MCEventEff apply stage Syst
Bin	Wpt yield 		Cov_i_i		Err	Err/Wpt(%)
	 					
1	23918.1253		637.8156		25.2550		0.1056
2	13511.4435		55.3058		7.4368		0.0550
3	7680.0426		71.7509		8.4706		0.1103
4	6116.9391		86.0650		9.2771		0.1517
5	3746.0281		22.7890		4.7738		0.1274
6	4029.8971		17.7378		4.2116		0.1045
7	2333.7583		8.6292		2.9375		0.1259
8	2315.7819		11.0184		3.3194		0.1433
9	1431.9843		3.6014		1.8977		0.1325
10	360.3487		0.2106		0.4589		0.1274
11	109.1016		0.0220		0.1484		0.1360
12	53.0330		0.0065		0.0804		0.1516
13	26.1916		0.0018		0.0426		0.1626
Smear Detector Unfolding MCEventEff apply stage Syst
Bin	Wpt yield 		Cov_i_i		Err	Err/Wpt(%)
	 					
1	23918.1253		33.2342		5.7649		0.0241
2	13511.4435		9.7268		3.1188		0.0231
3	7680.0426		14.8750		3.8568		0.0502
4	6116.9391		20.6429		4.5434		0.0743
5	3746.0281		11.4827		3.3886		0.0905
6	4029.8971		17.0461		4.1287		0.1025
7	2333.7583		5.7387		2.3956		0.1026
8	2315.7819		4.9030		2.2143		0.0956
9	1431.9843		2.0254		1.4232		0.0994
10	360.3487		0.1989		0.4460		0.1238
11	109.1016		0.0289		0.1699		0.1558
12	53.0330		0.0099		0.0993		0.1872
13	26.1916		0.0029		0.0542		0.2068
Recoil Detector Unfolding MCEventEff apply stage Syst
Bin	Wpt yield 		Cov_i_i		Err	Err/Wpt(%)
	 					
1	23918.1253		649.6286		25.4878		0.1066
2	13511.4435		69.9195		8.3618		0.0619
3	7680.0426		125.3902		11.1978		0.1458
4	6116.9391		159.7632		12.6397		0.2066
5	3746.0281		61.8186		7.8625		0.2099
6	4029.8971		70.5402		8.3988		0.2084
7	2333.7583		26.6911		5.1663		0.2214
8	2315.7819		40.3315		6.3507		0.2742
9	1431.9843		45.4319		6.7403		0.4707
10	360.3487		8.1849		2.8609		0.7939
11	109.1016		1.5978		1.2640		1.1586
12	53.0330		0.5998		0.7744		1.4603
13	26.1916		0.1867		0.4321		1.6499
Statistic Detector Unfolding MCEventEff apply stage
Bin	Wpt yield 		Cov_i_i		Err	Err/Wpt(%)
	 					
1	23918.1253		50728.6540		225.2302		0.9417
2	13511.4435		7854.4055		88.6251		0.6559
3	7680.0426		6347.8500		79.6734		1.0374
4	6116.9391		7041.1973		83.9118		1.3718
5	3746.0281		2667.4065		51.6469		1.3787
6	4029.8971		2951.5338		54.3280		1.3481
7	2333.7583		982.0631		31.3379		1.3428
8	2315.7819		1185.9998		34.4383		1.4871
9	1431.9843		798.6950		28.2612		1.9736
10	360.3487		103.5187		10.1744		2.8235
11	109.1016		17.5852		4.1935		3.8436
12	53.0330		6.4590		2.5415		4.7922
13	26.1916		1.9757		1.4056		5.3666
SVD_Post.Eff_DetectUnfStatisticCovMat statistic SVD_Post.EffCorr->GetBinError(i)
Bin	Wpt yield 		Cov_i_i		Err	Err/Wpt(%)
	 					
1	23918.1253		57843.2914		240.5063		1.0055
2	13511.4435		9866.3769		99.3296		0.7352
3	7680.0426		7786.9580		88.2437		1.1490
4	6116.9391		8577.3330		92.6139		1.5141
5	3746.0281		3409.9349		58.3946		1.5588
6	4029.8971		3727.6678		61.0546		1.5150
7	2333.7583		1438.7905		37.9314		1.6253
8	2315.7819		1719.8091		41.4706		1.7908
9	1431.9843		1126.7415		33.5670		2.3441
10	360.3487		170.8646		13.0715		3.6275
11	109.1016		35.5985		5.9664		5.4687
12	53.0330		14.5959		3.8205		7.2039
13	26.1916		5.6697		2.3811		9.0911
1	0.0053
2	0.0109
3	0.0096
4	0.0047
5	0.0066
6	0.0116
7	0.0141
8	0.0149
9	0.0112
10	0.0132
11	0.0134
12	-0.0043
13	0.0081
Lepton Effi
Bin	Wpt yield 		Cov_i_i		Err	Err/Wpt(%)
	 					
1	23418.2890		285.3385		16.8920		0.0721
2	13481.0839		47.9457		6.9243		0.0514
3	7933.1976		41.7048		6.4579		0.0814
4	6350.4064		68.7399		8.2910		0.1306
5	3789.0746		36.6271		6.0520		0.1597
6	3958.4169		44.9246		6.7026		0.1693
7	2277.6958		16.3389		4.0421		0.1775
8	2292.7773		22.5982		4.7538		0.2073
9	1452.0148		14.2708		3.7777		0.2602
10	377.1269		1.4485		1.2035		0.3191
11	119.6896		0.1966		0.4434		0.3705
12	59.9555		0.0596		0.2442		0.4072
13	29.8018		0.0161		0.1270		0.4262
Scale after FSR Unf
Bin	Wpt yield 		Cov_i_i		Err	Err/Wpt(%)
	 					
1	23418.2890		305.2905		17.4726		0.0746
2	13481.0839		55.0665		7.4207		0.0550
3	7933.1976		23.9858		4.8975		0.0617
4	6350.4064		28.6017		5.3481		0.0842
5	3789.0746		12.3537		3.5148		0.0928
6	3958.4169		13.2991		3.6468		0.0921
7	2277.6958		4.6175		2.1488		0.0943
8	2292.7773		5.6120		2.3690		0.1033
9	1452.0148		2.8064		1.6752		0.1154
10	377.1269		0.2294		0.4790		0.1270
11	119.6896		0.0267		0.1634		0.1365
12	59.9555		0.0074		0.0858		0.1431
13	29.8018		0.0019		0.0437		0.1465
Smear MC
Bin	Wpt yield 		Cov_i_i		Err	Err/Wpt(%)
	 					
1	23418.2890		17.9034		4.2312		0.0181
2	13481.0839		5.2008		2.2805		0.0169
3	7933.1976		5.4393		2.3322		0.0294
4	6350.4064		8.4947		2.9146		0.0459
5	3789.0746		4.9377		2.2221		0.0586
6	3958.4169		7.0639		2.6578		0.0671
7	2277.6958		2.7540		1.6595		0.0729
8	2292.7773		3.2429		1.8008		0.0785
9	1452.0148		1.5352		1.2390		0.0853
10	377.1269		0.1220		0.3492		0.0926
11	119.6896		0.0141		0.1186		0.0991
12	59.9555		0.0039		0.0622		0.1038
13	29.8018		0.0010		0.0317		0.1063
Recoil
Bin	Wpt yield 		Cov_i_i		Err	Err/Wpt(%)
	 					
1	23418.2890		280.2192		16.7398		0.0715
2	13481.0839		58.7579		7.6654		0.0569
3	7933.1976		45.8974		6.7748		0.0854
4	6350.4064		58.6238		7.6566		0.1206
5	3789.0746		24.5016		4.9499		0.1306
6	3958.4169		26.5323		5.1509		0.1301
7	2277.6958		12.7045		3.5643		0.1565
8	2292.7773		26.0437		5.1033		0.2226
9	1452.0148		19.6256		4.4301		0.3051
10	377.1269		2.0829		1.4432		0.3827
11	119.6896		0.2839		0.5328		0.4452
12	59.9555		0.0857		0.2927		0.4883
13	29.8018		0.0231		0.1520		0.5101
FSR
Bin	Wpt yield 		Cov_i_i		Err	Err/Wpt(%)
	 					
1	23418.2890		13238.0882		115.0569		0.4913
2	13481.0839		3618.1283		60.1509		0.4462
3	7933.1976		1309.6825		36.1895		0.4562
4	6350.4064		1081.5649		32.8872		0.5179
5	3789.0746		503.9545		22.4489		0.5925
6	3958.4169		733.8476		27.0896		0.6844
7	2277.6958		338.2087		18.3905		0.8074
8	2292.7773		497.4764		22.3042		0.9728
9	1452.0148		286.9731		16.9403		1.1667
10	377.1269		26.2103		5.1196		1.3575
11	119.6896		3.3052		1.8180		1.5189
12	59.9555		0.9606		0.9801		1.6347
13	29.8018		0.2551		0.5051		1.6949
Statistic
Bin	Wpt yield 		Cov_i_i		Err	Err/Wpt(%)
	 					
1	23418.2890		29309.1294		171.1991		0.7310
2	13481.0839		6256.1558		79.0959		0.5867
3	7933.1976		2505.6551		50.0565		0.6310
4	6350.4064		2802.0842		52.9347		0.8336
5	3789.0746		1334.5805		36.5319		0.9641
6	3958.4169		1639.8379		40.4949		1.0230
7	2277.6958		624.2146		24.9843		1.0969
8	2292.7773		820.6206		28.6465		1.2494
9	1452.0148		450.9005		21.2344		1.4624
10	377.1269		40.1646		6.3376		1.6805
11	119.6896		4.9800		2.2316		1.8645
12	59.9555		1.4300		1.1958		1.9945
13	29.8018		0.3774		0.6143		2.0613

Systematics
Bin		Statistic err		Lept Recon Effi Syst 				Smear Syst		Recoil syst		FSR Syst		Scale Syst
		 												
1		0.7310		0.0721		0.0181		0.0715				0.49130.0746
2		0.5867		0.0514		0.0169		0.0569				0.44620.0550
3		0.6310		0.0814		0.0294		0.0854				0.45620.0617
4		0.8336		0.1306		0.0459		0.1206				0.51790.0842
5		0.9641		0.1597		0.0586		0.1306				0.59250.0928
6		1.0230		0.1693		0.0671		0.1301				0.68440.0921
7		1.0969		0.1775		0.0729		0.1565				0.80740.0943
8		1.2494		0.2073		0.0785		0.2226				0.97280.1033
9		1.4624		0.2602		0.0853		0.3051				1.16670.1154
10		1.6805		0.3191		0.0926		0.3827				1.35750.1270
11		1.8645		0.3705		0.0991		0.4452				1.51890.1365
12		1.9945		0.4072		0.1038		0.4883				1.63470.1431
13		2.0613		0.4262		0.1063		0.5101				1.69490.1465



Systematics
Bin		Statistic err		Sqrt(LeptRecEff^2 +  Smear^2 +Recoil^2  +FSR^2+Scale^2) 
		 		
1		0.7310		0.5075
2		0.5867		0.4564
3		0.6310		0.4761
4		0.8336		0.5559
5		0.9641		0.6369
6		1.0230		0.7259
7		1.0969		0.8498
8		1.2494		1.0275
9		1.4624		1.2420
10		1.6805		1.4546
11		1.8645		1.6344
12		1.9945		1.7629
13		2.0613		1.8296



Systematics FSR stage yields as statistics
Bin		Statistic err		Sqrt(LeptRecEff^2 +  Smear^2 +Recoil^2 +FSR^2+Scale^2) 
		 		
1		0.6535		0.5075
2		0.8613		0.4564
3		1.1227		0.4761
4		1.2549		0.5559
5		1.6246		0.6369
6		1.5894		0.7259
7		2.0953		0.8498
8		2.0884		1.0275
9		2.6243		1.2420
10		5.1494		1.4546
11		9.1405		1.6344
12		12.9147		1.7629
13		18.3180		1.8296



Systematics Reco stage statistics
Bin		Statistic err		Sqrt(LeptRecEff^2 +  Smear^2 +Recoil^2 +FSR^2+Scale^2) 
		 		
1		1.0752		0.5075
2		1.0567		0.4564
3		1.1783		0.4761
4		1.2620		0.5559
5		1.6822		0.6369
6		1.6760		0.7259
7		2.2662		0.8498
8		2.3749		1.0275
9		2.8686		1.2420
10		5.9348		1.4546
11		10.0838		1.6344
12		14.2986		1.7629
13		24.4511		1.8296



Systematics Reco BinError/Yield as statistics
Bin		Statistic err		Sqrt(LeptRecEff^2 + Smear^2 +Recoil^2 +FSR^2+Scale^2) 
		 		
1		1.7192		0.5075
2		1.2416		0.4564
3		1.4276		0.4761
4		0.9622		0.5559
5		2.2629		0.6369
6		2.2348		0.7259
7		4.0183		0.8498
8		4.2509		1.0275
9		4.3233		1.2420
10		5.9918		1.4546
11		9.9618		1.6344
12		12.6331		1.7629
13		33.0275		1.8296
SVD_Born.uAdetCov  -  Response Matrix Systematics; 
Bin	Wpt yield 		Cov_i_i		Err	Err/Wpt(%)
==================================================================================================
1	23418.2890		735.3996		27.1183		0.1158
2	13481.0839		196.4694		14.0168		0.1040
3	7933.1976		68.8631		8.2984		0.1046
4	6350.4064		58.5572		7.6523		0.1205
5	3789.0746		28.1484		5.3055		0.1400
6	3958.4169		40.6292		6.3741		0.1610
7	2277.6958		18.2412		4.2710		0.1875
8	2292.7773		26.5532		5.1530		0.2247
9	1452.0148		15.3129		3.9132		0.2695
10	377.1269		1.4037		1.1848		0.3142
11	119.6896		0.1783		0.4222		0.3527
12	59.9555		0.0521		0.2283		0.3808
13	29.8018		0.0139		0.1179		0.3955
SVD_Born.uTotalCovMat
Bin	Wpt yield 		Cov_i_i		Err	Err/Wpt(%)
	 					
1	23418.2890		45576.8349		213.4873		0.9116
2	13481.0839		10557.0734		102.7476		0.7622
3	7933.1976		4140.5656		64.3472		0.8111
4	6350.4064		4254.0532		65.2231		1.0271
5	3789.0746		2009.9158		44.8321		1.1832
6	3958.4169		2582.9521		50.8228		1.2839
7	2277.6958		1048.1109		32.3745		1.4214
8	2292.7773		1447.3380		38.0439		1.6593
9	1452.0148		818.0516		28.6016		1.9698
10	377.1269		74.1179		8.6092		2.2828
11	119.6896		9.2945		3.0487		2.5472
12	59.9555		2.6889		1.6398		2.7350
13	29.8018		0.7123		0.8440		2.8320
SVD_Born.uTauCov
Bin	Wpt yield 		Cov_i_i		Err	Err/Wpt(%)
	 					
1	23418.2890		14295.3828		119.5633		0.5106
2	13481.0839		3809.9379		61.7247		0.4579
3	7933.1976		1343.7228		36.6568		0.4621
4	6350.4064		1129.7177		33.6113		0.5293
5	3789.0746		536.8743		23.1705		0.6115
6	3958.4169		783.4261		27.9897		0.7071
7	2277.6958		362.0797		19.0284		0.8354
8	2292.7773		534.6017		23.1215		1.0084
9	1452.0148		307.5068		17.5359		1.2077
10	377.1269		27.9315		5.2850		1.4014
11	119.6896		3.5074		1.8728		1.5647
12	59.9555		1.0164		1.0082		1.6815
13	29.8018		0.2696		0.5192		1.7422
SVD_Born.uTotalCovMat + SVD_Born.uTauCov->Add( SVD_Born.uAdetCov);
Bin	Wpt yield 		Cov_i_i		Err	Err/Wpt(%)
	 					
1	23418.2890		45576.8349		213.4873		0.9116
2	13481.0839		10557.0734		102.7476		0.7622
3	7933.1976		4140.5656		64.3472		0.8111
4	6350.4064		4254.0532		65.2231		1.0271
5	3789.0746		2009.9158		44.8321		1.1832
6	3958.4169		2582.9521		50.8228		1.2839
7	2277.6958		1048.1109		32.3745		1.4214
8	2292.7773		1447.3380		38.0439		1.6593
9	1452.0148		818.0516		28.6016		1.9698
10	377.1269		74.1179		8.6092		2.2828
11	119.6896		9.2945		3.0487		2.5472
12	59.9555		2.6889		1.6398		2.7350
13	29.8018		0.7123		0.8440		2.8320
Yields after FSR Unfolding and SF and bin-by-bin correction
1	23418.2890	0.9499	24654.2342
2	13481.0839	0.9509	14176.6088
3	7933.1976	0.9523	8330.6098
4	6350.4064	0.9531	6662.6419
5	3789.0746	0.9546	3969.2800
6	3958.4169	0.9590	4127.6004
7	2277.6958	0.9626	2366.1441
8	2292.7773	0.9695	2364.9473
9	1452.0148	0.9756	1488.2674
10	377.1269	0.9818	384.1130
11	119.6896	0.9849	121.5274
12	59.9555	0.9824	61.0293
13	29.8018	0.9901	30.1010
SVD Unfolding Systematic = SQRT(dUnf^2+FSRUnf_SVD^2)
1	0.1158
2	0.1040
3	0.1046
4	0.1205
5	0.1400
6	0.1610
7	0.1875
8	0.2247
9	0.2695
10	0.3142
11	0.3527
12	0.3808
13	0.3955
TotalError = 3.3758
TotalError = 3.1048
TotalError = 3.1144
TotalError = 3.1682
TotalError = 3.5771
TotalError = 3.6040
TotalError = 4.3152
TotalError = 4.5621
TotalError = 5.0916
TotalError = 9.4078
TotalError = 16.5719
TotalError = 21.0812
TotalError = 41.8784
