Nsimul N of bins: 13
Total Events:             400517.9
NsimulEven:               200040
NsimulOdd:             200477.9
NdetectorResponse: 400516.9
NdetectorResponseEffCorr: 400516.9
Real Data: 55882.76
xini, bini in Detector Unfolding
1	138855.4	77445.76
2	83952.26	84155.25
3	50494.31	68138
4	40533.4	60473.1
5	23509.24	34093.6
6	24119.94	31445.36
7	13774.84	16415.02
8	13726.38	15617.5
9	8418.688	9201.45
10	2008.052	2168.428
11	646.273	808.1761
12	336.0037	365.7569
13	161.9757	190.489
Effi Reco stage Syst
Bin	Wpt yield 	Cov_i_i	Err	Err/Wpt(%)
=============================================================
1	11795.9741		205.9893		14.3523		0.1217
2	11630.8393		1089.0556		33.0008		0.2837
3	9345.3838		3851.7209		62.0622		0.6641
4	7854.9708		4099.5924		64.0281		0.8151
5	4406.3714		94.7556		9.7342		0.2209
6	4447.1514		1825.4683		42.7255		0.9607
7	2239.2800		213.8021		14.6220		0.6530
8	2346.7697		290.3207		17.0388		0.7261
9	1339.6953		1.5908		1.2613		0.0941
10	316.2773		1.0808		1.0396		0.3287
11	102.7950		0.2532		0.5032		0.4895
12	36.6355		0.0327		0.1809		0.4939
13	20.6207		0.0039		0.0624		0.3025
Smear Reco stage Syst
Bin	Wpt yield 		Cov_i_i		Err	Err/Wpt(%)
	 					
1	11795.9741		215.0463		14.6645		0.1243
2	11630.8393		122.0824		11.0491		0.0950
3	9345.3838		131.2195		11.4551		0.1226
4	7854.9708		134.2256		11.5856		0.1475
5	4406.3714		90.5310		9.5148		0.2159
6	4447.1514		168.6136		12.9851		0.2920
7	2239.2800		198.5777		14.0918		0.6293
8	2346.7697		301.8680		17.3743		0.7404
9	1339.6953		1.5233		1.2342		0.0921
10	316.2773		0.9790		0.9894		0.3128
11	102.7950		0.2675		0.5172		0.5031
12	36.6355		0.0328		0.1811		0.4942
13	20.6207		0.0033		0.0576		0.2791
Recoil Reco stage Syst
Bin	Wpt yield 		Cov_i_i		Err	Err/Wpt(%)
	 					
1	11795.9741		205.7696		14.3447		0.1216
2	11630.8393		114.3266		10.6924		0.0919
3	9345.3838		151.5375		12.3101		0.1317
4	7854.9708		108.8469		10.4330		0.1328
5	4406.3714		83.2697		9.1252		0.2071
6	4447.1514		161.0952		12.6923		0.2854
7	2239.2800		198.5725		14.0916		0.6293
8	2346.7697		503.0552		22.4289		0.9557
9	1339.6953		1.6744		1.2940		0.0966
10	316.2773		1.1743		1.0837		0.3426
11	102.7950		0.3269		0.5717		0.5562
12	36.6355		0.0786		0.2804		0.7653
13	20.6207		0.0339		0.1841		0.8926
Statistic Reco stage
Bin	Wpt yield 		Cov_i_i		Err	Err/Wpt(%)
	 					
1	11795.9741		11795.9741		108.6093		0.9207
2	11630.8393		11630.8393		107.8464		0.9272
3	9345.3838		9345.3838		96.6715		1.0344
4	7854.9708		7854.9708		88.6283		1.1283
5	4406.3714		4406.3714		66.3805		1.5065
6	4447.1514		4447.1514		66.6870		1.4995
7	2239.2800		2239.2800		47.3210		2.1132
8	2346.7697		2346.7697		48.4435		2.0643
9	1339.6953		1339.6953		36.6018		2.7321
10	316.2773		316.2773		17.7842		5.6230
11	102.7950		102.7950		10.1388		9.8631
12	36.6355		36.6355		6.0527		16.5215
13	20.6207		20.6207		4.5410		22.0216


Systematics 
Bin		Statistic err		Lept Recon Effi Syst 		Smear Syst		Recoil syst		
		 										
1		0.9207		0.1217		0.1243		0.1216
2		0.9272		0.2837		0.0950		0.0919
3		1.0344		0.6641		0.1226		0.1317
4		1.1283		0.8151		0.1475		0.1328
5		1.5065		0.2209		0.2159		0.2071
6		1.4995		0.9607		0.2920		0.2854
7		2.1132		0.6530		0.6293		0.6293
8		2.0643		0.7261		0.7404		0.9557
9		2.7321		0.0941		0.0921		0.0966
10		5.6230		0.3287		0.3128		0.3426
11		9.8631		0.4895		0.5031		0.5562
12		16.5215		0.4939		0.4942		0.7653
13		22.0216		0.3025		0.2791		0.8926



Total Systematics - Reconstruction stage
		Sqrt(LeptRecEff^2 +  Smear^2 +Recoil^2 ) 
		 		
0.2122
0.3130
0.6880
0.8389
0.3719
1.0439
1.1038
1.4102
0.1633
0.5686
0.8956
1.0363
0.9830
Unfolding response Matrices
Bin	 dUnf	 FSR Unf
1 1	50092.0120	168487.0000
1 2	18998.5072	1584.0000
1 3	5787.9179	200.0000
1 4	1964.0800	59.0000
1 5	411.6042	17.0000
1 6	161.1065	10.0000
1 7	24.6474	1.0000
1 8	5.8875	0.0000
1 9	0.0000	0.0000
1 10	0.0000	0.0000
1 11	0.0000	0.0000
1 12	0.0000	0.0000
1 13	0.0000	0.0000
2 1	44414.3358	2311.0000
2 2	23927.5609	98438.0000
2 3	10271.7461	1074.0000
2 4	4174.0318	160.0000
2 5	982.3822	45.0000
2 6	320.3190	17.0000
2 7	51.0597	8.0000
2 8	12.8393	2.0000
2 9	0.9714	1.0000
2 10	0.0000	0.0000
2 11	0.0000	0.0000
2 12	0.0000	0.0000
2 13	0.0000	0.0000
3 1	25707.3229	577.0000
3 2	20034.2687	1092.0000
3 3	12343.5446	58849.0000
3 4	7137.9488	818.0000
3 5	2044.2449	86.0000
3 6	737.2004	41.0000
3 7	109.7635	13.0000
3 8	22.7351	4.0000
3 9	0.9686	1.0000
3 10	0.0000	0.0000
3 11	0.0000	0.0000
3 12	0.0000	0.0000
3 13	0.0000	0.0000
4 1	13596.6804	155.0000
4 2	14270.0646	232.0000
4 3	12967.6667	538.0000
4 4	11799.0373	47694.0000
4 5	5139.6798	582.0000
4 6	2273.4488	113.0000
4 7	353.6821	26.0000
4 8	70.8596	13.0000
4 9	1.9817	3.0000
4 10	0.0000	0.0000
4 11	0.0000	0.0000
4 12	0.0000	0.0000
4 13	0.0000	0.0000
5 1	3697.7871	16.0000
5 2	4710.3467	21.0000
5 3	5964.5445	41.0000
5 4	8547.3988	270.0000
5 5	5989.9748	27565.0000
5 6	4237.2753	464.0000
5 7	780.6149	51.0000
5 8	156.7964	17.0000
5 9	8.8590	1.0000
5 10	0.0000	0.0000
5 11	0.0000	0.0000
5 12	0.0000	0.0000
5 13	0.0000	0.0000
6 1	1253.9057	3.0000
6 2	1823.3944	4.0000
6 3	2726.0255	6.0000
6 4	5702.4341	24.0000
6 5	6691.8143	139.0000
6 6	9054.6552	28566.0000
6 7	3417.9483	338.0000
6 8	745.3943	64.0000
6 9	29.7885	8.0000
6 10	0.0000	1.0000
6 11	0.0000	0.0000
6 12	0.0000	0.0000
6 13	0.0000	0.0000
7 1	73.8952	2.0000
7 2	181.2088	2.0000
7 3	399.5316	1.0000
7 4	1019.7383	0.0000
7 5	1874.7224	2.0000
7 6	5422.4855	32.0000
7 7	4870.5406	16136.0000
7 8	2463.9307	281.0000
7 9	108.9667	21.0000
7 10	0.0000	2.0000
7 11	0.0000	0.0000
7 12	0.0000	1.0000
7 13	0.0000	0.0000
8 1	7.7789	1.0000
8 2	6.9080	0.0000
8 3	33.3375	0.0000
8 4	188.7338	1.0000
8 5	366.0963	1.0000
8 6	1847.4729	3.0000
8 7	3888.8460	18.0000
8 8	7750.7643	16020.0000
8 9	1526.5286	189.0000
8 10	1.0342	5.0000
8 11	0.0000	0.0000
8 12	0.0000	0.0000
8 13	0.0000	0.0000
9 1	5.8671	0.0000
9 2	0.0000	0.0000
9 3	0.0000	0.0000
9 4	0.0000	1.0000
9 5	8.7259	0.0000
9 6	65.9786	0.0000
9 7	277.7359	1.0000
9 8	2485.3775	0.0000
9 9	6072.7362	9635.0000
9 10	285.0286	68.0000
9 11	0.0000	3.0000
9 12	0.0000	1.0000
9 13	0.0000	0.0000
10 1	1.9168	0.0000
10 2	0.0000	0.0000
10 3	0.0000	0.0000
10 4	0.0000	0.0000
10 5	0.0000	0.0000
10 6	0.0000	0.0000
10 7	0.0000	0.0000
10 8	11.8000	0.0000
10 9	664.8607	1.0000
10 10	1407.3718	2297.0000
10 11	82.4785	15.0000
10 12	0.0000	0.0000
10 13	0.0000	0.0000
11 1	0.9686	0.0000
11 2	0.0000	0.0000
11 3	0.0000	0.0000
11 4	0.0000	0.0000
11 5	0.0000	0.0000
11 6	0.0000	0.0000
11 7	0.0000	0.0000
11 8	0.0000	0.0000
11 9	3.0270	0.0000
11 10	246.2573	0.0000
11 11	537.0934	736.0000
11 12	20.8298	7.0000
11 13	0.0000	1.0000
12 1	0.0000	0.0000
12 2	0.0000	0.0000
12 3	0.0000	0.0000
12 4	0.0000	0.0000
12 5	0.0000	0.0000
12 6	0.0000	0.0000
12 7	0.0000	0.0000
12 8	0.0000	0.0000
12 9	0.0000	0.0000
12 10	23.8819	0.0000
12 11	26.7011	0.0000
12 12	315.1739	385.0000
12 13	0.0000	1.0000
13 1	2.9671	0.0000
13 2	0.0000	0.0000
13 3	0.0000	0.0000
13 4	0.0000	0.0000
13 5	0.0000	0.0000
13 6	0.0000	0.0000
13 7	0.0000	0.0000
13 8	0.0000	0.0000
13 9	0.0000	0.0000
13 10	27.5222	0.0000
13 11	0.0000	0.0000
13 12	0.0000	0.0000
13 13	158.9977	191.0000
bini and xini in Unfolding
Bin	 dUnf bini	 dUnf xini	 FSR Unf bini	 FSR Unf xini
1	77445.7626	138855.4377	170358.0000	171552.0000
2	84155.2462	83952.2592	102056.0000	101373.0000
3	68137.9976	50494.3144	61481.0000	60709.0000
4	60473.1010	40533.4029	49356.0000	49027.0000
5	34093.5975	23509.2447	28446.0000	28437.0000
6	31445.3603	24119.9422	29153.0000	29246.0000
7	16415.0199	13774.8384	16480.0000	16592.0000
8	15617.5005	13726.3847	16238.0000	16401.0000
9	9201.4498	8418.6885	9709.0000	9860.0000
10	2168.4279	2008.0518	2313.0000	2373.0000
11	808.1761	646.2730	744.0000	754.0000
12	365.7569	336.0037	386.0000	394.0000
13	190.4890	161.9757	191.0000	193.0000
Effi Detector Unfolding stage Syst
Bin	Wpt yield 		Cov_i_i		Err	Err/Wpt(%)
	 					
1	20681.6951		1576.7195		39.7079		0.1920
2	11650.5994		884.9556		29.7482		0.2553
3	6482.2965		800.9314		28.3007		0.4366
4	5052.9778		713.4119		26.7098		0.5286
5	3025.7131		272.8072		16.5169		0.5459
6	3296.6342		298.5529		17.2787		0.5241
7	1981.0867		73.3127		8.5623		0.4322
8	2020.4730		43.1248		6.5669		0.3250
9	1226.7964		7.1911		2.6816		0.2186
10	282.9158		0.2436		0.4935		0.1744
11	87.1093		0.0262		0.1619		0.1859
12	43.5282		0.0089		0.0944		0.2168
13	20.5291		0.0024		0.0489		0.2382
Smear Detector Unfolding stage Syst
Bin	Wpt yield 		Cov_i_i		Err	Err/Wpt(%)
	 					
1	20681.6951		403.1093		20.0776		0.0971
2	11650.5994		49.4235		7.0302		0.0603
3	6482.2965		59.3828		7.7060		0.1189
4	5052.9778		78.8448		8.8795		0.1757
5	3025.7131		40.9375		6.3982		0.2115
6	3296.6342		79.0402		8.8905		0.2697
7	1981.0867		38.2241		6.1826		0.3121
8	2020.4730		35.1690		5.9303		0.2935
9	1226.7964		6.3305		2.5160		0.2051
10	282.9158		0.1583		0.3979		0.1406
11	87.1093		0.0127		0.1126		0.1293
12	43.5282		0.0044		0.0663		0.1523
13	20.5291		0.0012		0.0353		0.1719
Recoil Detector Unfolding stage Syst
Bin	Wpt yield 		Cov_i_i		Err	Err/Wpt(%)
	 					
1	20681.6951		356.2060		18.8734		0.0913
2	11650.5994		55.5563		7.4536		0.0640
3	6482.2965		58.5326		7.6507		0.1180
4	5052.9778		70.0089		8.3671		0.1656
5	3025.7131		37.9847		6.1632		0.2037
6	3296.6342		90.4043		9.5081		0.2884
7	1981.0867		53.3335		7.3030		0.3686
8	2020.4730		55.7186		7.4645		0.3694
9	1226.7964		10.3671		3.2198		0.2625
10	282.9158		0.2290		0.4785		0.1691
11	87.1093		0.0138		0.1177		0.1351
12	43.5282		0.0047		0.0689		0.1582
13	20.5291		0.0014		0.0378		0.1843
Statistic Detector Unfolding stage
Bin	Wpt yield 		Cov_i_i		Err	Err/Wpt(%)
	 					
1	20681.6951		25998.4993		161.2405		0.7796
2	11650.5994		3951.5608		62.8614		0.5396
3	6482.2965		3076.4708		55.4659		0.8557
4	5052.9778		3700.2077		60.8293		1.2038
5	3025.7131		1429.8187		37.8129		1.2497
6	3296.6342		1601.6512		40.0206		1.2140
7	1981.0867		564.5989		23.7613		1.1994
8	2020.4730		742.3842		27.2467		1.3485
9	1226.7964		515.4525		22.7036		1.8506
10	282.9158		58.2524		7.6323		2.6977
11	87.1093		11.0066		3.3176		3.8086
12	43.5282		4.5140		2.1246		4.8810
13	20.5291		1.2910		1.1362		5.5348
Stat+Syst+RespMatErr systematic after Detector Unfolding
Bin	Wpt yield 		Cov_i_i		Err	Err/Wpt(%)
	 					
1	20681.6951		28334.5341		168.3286		0.8139
2	11650.5994		4941.4962		70.2958		0.6034
3	6482.2965		3995.3176		63.2085		0.9751
4	5052.9778		4562.4734		67.5461		1.3368
5	3025.7131		1781.5481		42.2084		1.3950
6	3296.6342		2069.6485		45.4934		1.3800
7	1981.0867		729.4691		27.0087		1.3633
8	2020.4730		876.3966		29.6040		1.4652
9	1226.7964		539.3411		23.2237		1.8930
10	282.9158		58.8833		7.6735		2.7123
11	87.1093		11.0594		3.3256		3.8177
12	43.5282		4.5320		2.1289		4.8907
13	20.5291		1.2961		1.1385		5.5456



Systematics
Bin		Statistic err		Lept Recon Effi Syst 				Smear Syst		Recoil syst
		 												
1		0.7796		0.1920		0.0971		0.0913
2		0.5396		0.2553		0.0603		0.0640
3		0.8557		0.4366		0.1189		0.1180
4		1.2038		0.5286		0.1757		0.1656
5		1.2497		0.5459		0.2115		0.2037
6		1.2140		0.5241		0.2697		0.2884
7		1.1994		0.4322		0.3121		0.3686
8		1.3485		0.3250		0.2935		0.3694
9		1.8506		0.2186		0.2051		0.2625
10		2.6977		0.1744		0.1406		0.1691
11		3.8086		0.1859		0.1293		0.1351
12		4.8810		0.2168		0.1523		0.1582
13		5.5348		0.2382		0.1719		0.1843



Systematics Detector Unfolding stage
		Sqrt(LeptRecEff^2 +  Smear^2 +Recoil^2) 
		 		
0.2337
0.2701
0.4676
0.5811
0.6198
0.6562
0.6481
0.5730
0.3984
0.2808
0.2636
0.3086
0.3468
SVD_Post.uTotalCovMat  -  Systematics; 
Bin	Wpt yield 		Cov_i_i		Err	Err/Wpt(%)
==================================================================================================
1	20681.6951		31597.6206		177.7572		0.8595
2	11650.5994		5497.8812		74.1477		0.6364
3	6482.2965		4414.6709		66.4430		1.0250
4	5052.9778		5040.2460		70.9947		1.4050
5	3025.7131		1962.1782		44.2965		1.4640
6	3296.6342		2273.8941		47.6854		1.4465
7	1981.0867		805.2763		28.3774		1.4324
8	2020.4730		978.3625		31.2788		1.5481
9	1226.7964		607.3316		24.6441		2.0088
10	282.9158		66.7329		8.1690		2.8874
11	87.1093		12.6182		3.5522		4.0779
12	43.5282		5.1951		2.2793		5.2363
13	20.5291		1.4885		1.2200		5.9429
SVD_Post.uTotalSystCov  -  Systematics; 
Bin	Wpt yield 		Cov_i_i		Err	Err/Wpt(%)
==================================================================================================
1	20681.6951		2336.0348		48.3325		0.2337
2	11650.5994		989.9354		31.4632		0.2701
3	6482.2965		918.8467		30.3125		0.4676
4	5052.9778		862.2657		29.3644		0.5811
5	3025.7131		351.7294		18.7545		0.6198
6	3296.6342		467.9973		21.6332		0.6562
7	1981.0867		164.8702		12.8402		0.6481
8	2020.4730		134.0124		11.5764		0.5730
9	1226.7964		23.8886		4.8876		0.3984
10	282.9158		0.6309		0.7943		0.2808
11	87.1093		0.0527		0.2297		0.2636
12	43.5282		0.0180		0.1343		0.3086
13	20.5291		0.0051		0.0712		0.3468
SVD_Post.uAdetCov  -  Response Matrix Systematics; 
Bin	Wpt yield 		Cov_i_i		Err	Err/Wpt(%)
==================================================================================================
1	20681.6951		3263.0866		57.1234		0.2762
2	11650.5994		556.3850		23.5878		0.2025
3	6482.2965		419.3534		20.4781		0.3159
4	5052.9778		477.7726		21.8580		0.4326
5	3025.7131		180.6300		13.4399		0.4442
6	3296.6342		204.2455		14.2915		0.4335
7	1981.0867		75.8072		8.7067		0.4395
8	2020.4730		101.9659		10.0978		0.4998
9	1226.7964		67.9905		8.2456		0.6721
10	282.9158		7.8496		2.8017		0.9903
11	87.1093		1.5588		1.2485		1.4333
12	43.5282		0.6631		0.8143		1.8708
13	20.5291		0.1924		0.4386		2.1364
SVD_Post.uTauCov Detector Unfolding 
Bin	Wpt yield 		Cov_i_i		Err	Err/Wpt(%)
	 					
1	20681.6951		28067.2676		167.5329		0.8101
2	11650.5994		4765.5609		69.0330		0.5925
3	6482.2965		3934.9629		62.7293		0.9677
4	5052.9778		4575.6692		67.6437		1.3387
5	3025.7131		1759.5388		41.9469		1.3863
6	3296.6342		2009.8712		44.8316		1.3599
7	1981.0867		735.4947		27.1200		1.3689
8	2020.4730		909.0764		30.1509		1.4923
9	1226.7964		539.7711		23.2330		1.8938
10	282.9158		57.7034		7.5963		2.6850
11	87.1093		10.7686		3.2816		3.7672
12	43.5282		4.4034		2.0984		4.8208
13	20.5291		1.2574		1.1213		5.4622
SVD_Post.uTauCov->Add( SVD_Post.uAdetCov); 
Bin	Wpt yield 		Cov_i_i		Err	Err/Wpt(%)
	 					
1	20681.6951		31330.3542		177.0038		0.8558
2	11650.5994		5321.9459		72.9517		0.6262
3	6482.2965		4354.3163		65.9872		1.0180
4	5052.9778		5053.4418		71.0876		1.4068
5	3025.7131		1940.1688		44.0473		1.4558
6	3296.6342		2214.1168		47.0544		1.4273
7	1981.0867		811.3019		28.4834		1.4378
8	2020.4730		1011.0423		31.7969		1.5737
9	1226.7964		607.7616		24.6528		2.0095
10	282.9158		65.5529		8.0965		2.8618
11	87.1093		12.3274		3.5110		4.0306
12	43.5282		5.0665		2.2509		5.1711
13	20.5291		1.4498		1.2041		5.8651
SVD_Post.uTotalRecoCovMat; 
Bin	Wpt yield 		Cov_i_i		Err	Err/Wpt(%)
	 					
1	20681.6951		33666.3890		183.4840		0.8872
2	11650.5994		6311.8813		79.4473		0.6819
3	6482.2965		5273.1630		72.6165		1.1202
4	5052.9778		5915.7075		76.9136		1.5221
5	3025.7131		2291.8983		47.8738		1.5822
6	3296.6342		2682.1141		51.7891		1.5710
7	1981.0867		976.1721		31.2438		1.5771
8	2020.4730		1145.0547		33.8387		1.6748
9	1226.7964		631.6503		25.1327		2.0486
10	282.9158		66.1838		8.1353		2.8755
11	87.1093		12.3801		3.5185		4.0392
12	43.5282		5.0845		2.2549		5.1803
13	20.5291		1.4548		1.2062		5.8754
Yields after Detector Unfolding (dUnf, MC efficiency and MC event SF correction)
1	20681.6951	1.2269	25373.8151
2	11650.5994	1.2156	14162.9729
3	6482.2965	1.2176	7892.7316
4	5052.9778	1.2177	6152.8210
5	3025.7131	1.2100	3661.0889
6	3296.6342	1.2087	3984.5359
7	1981.0867	1.1964	2370.1409
8	2020.4730	1.1830	2390.1735
9	1226.7964	1.1533	1414.8245
10	282.9158	1.1519	325.8802
11	87.1093	1.1512	100.2816
12	43.5282	1.1488	50.0051
13	20.5291	1.1792	24.2077
FSR Syst 
Bin	Wpt yield 		Cov_i_i		Err	Err/Wpt(%)
	 					
1	20681.6951		11795.9741		143.8113		0.7702
2	11650.5994		11630.8393		107.9379		1.0215
3	6482.2965		9345.3838		80.5127		1.3705
4	5052.9778		7854.9708		71.0843		1.5524
5	3025.7131		4406.3714		55.0065		1.9998
6	3296.6342		4447.1514		57.4163		1.9148
7	1981.0867		2239.2800		44.5094		2.4574
8	2020.4730		2346.7697		44.9497		2.4197
9	1226.7964		1339.6953		35.0257		3.0660
10	282.9158		316.2773		16.8201		6.3808
11	87.1093		102.7950		9.3332		11.4960
12	43.5282		36.6355		6.5976		16.2456
13	20.5291		20.6207		4.5309		23.9666
SVD_Post.uTauCov->Add( SVD_Post.uAdetCov); Eff applied
Bin	Wpt yield 		Cov_i_i		Err	Err/Wpt(%)
	 					
1	25373.8151		47158.9999		217.1612		0.8558
2	14162.9729		7864.7109		88.6832		0.6262
3	7892.7316		6455.3064		80.3449		1.0180
4	6152.8210		7492.7466		86.5607		1.4068
5	3661.0889		2840.5640		53.2969		1.4558
6	3984.5359		3234.5547		56.8731		1.4273
7	2370.1409		1161.2451		34.0770		1.4378
8	2390.1735		1414.8880		37.6150		1.5737
9	1414.8245		808.3387		28.4313		2.0095
10	325.8802		86.9748		9.3260		2.8618
11	100.2816		16.3374		4.0420		4.0306
12	50.0051		6.6864		2.5858		5.1711
13	24.2077		2.0159		1.4198		5.8651
Effi Detector Unfolding MCEventEff apply stage Syst
Bin	Wpt yield 		Cov_i_i		Err	Err/Wpt(%)
	 					
1	25373.8151		2373.3059		48.7166		0.1920
2	14162.9729		1307.7773		36.1632		0.2553
3	7892.7316		1187.3867		34.4585		0.4366
4	6152.8210		1057.7770		32.5235		0.5286
5	3661.0889		399.4119		19.9853		0.5459
6	3984.5359		436.1493		20.8842		0.5241
7	2370.1409		104.9350		10.2438		0.4322
8	2390.1735		60.3504		7.7685		0.3250
9	1414.8245		9.5643		3.0926		0.2186
10	325.8802		0.3232		0.5685		0.1744
11	100.2816		0.0347		0.1864		0.1859
12	50.0051		0.0118		0.1084		0.2168
13	24.2077		0.0033		0.0577		0.2382
Smear Detector Unfolding MCEventEff apply stage Syst
Bin	Wpt yield 		Cov_i_i		Err	Err/Wpt(%)
	 					
1	25373.8151		606.7672		24.6326		0.0971
2	14162.9729		73.0375		8.5462		0.0603
3	7892.7316		88.0354		9.3827		0.1189
4	6152.8210		116.9034		10.8122		0.1757
5	3661.0889		59.9357		7.7418		0.2115
6	3984.5359		115.4681		10.7456		0.2697
7	2370.1409		54.7115		7.3967		0.3121
8	2390.1735		49.2167		7.0155		0.2935
9	1414.8245		8.4197		2.9017		0.2051
10	325.8802		0.2101		0.4583		0.1406
11	100.2816		0.0168		0.1297		0.1293
12	50.0051		0.0058		0.0761		0.1523
13	24.2077		0.0017		0.0416		0.1719
Recoil Detector Unfolding MCEventEff apply stage Syst
Bin	Wpt yield 		Cov_i_i		Err	Err/Wpt(%)
	 					
1	25373.8151		536.1676		23.1553		0.0913
2	14162.9729		82.1005		9.0609		0.0640
3	7892.7316		86.7750		9.3153		0.1180
4	6152.8210		103.8024		10.1883		0.1656
5	3661.0889		55.6127		7.4574		0.2037
6	3984.5359		132.0696		11.4922		0.2884
7	2370.1409		76.3381		8.7372		0.3686
8	2390.1735		77.9746		8.8303		0.3694
9	1414.8245		13.7885		3.7133		0.2625
10	325.8802		0.3038		0.5512		0.1691
11	100.2816		0.0184		0.1355		0.1351
12	50.0051		0.0063		0.0791		0.1582
13	24.2077		0.0020		0.0446		0.1843
Statistic Detector Unfolding MCEventEff apply stage
Bin	Wpt yield 		Cov_i_i		Err	Err/Wpt(%)
	 					
1	25373.8151		39133.3981		197.8216		0.7796
2	14162.9729		5839.5714		76.4171		0.5396
3	7892.7316		4560.8909		67.5344		0.8557
4	6152.8210		5486.3042		74.0696		1.2038
5	3661.0889		2093.3701		45.7534		1.2497
6	3984.5359		2339.8171		48.3717		1.2140
7	2370.1409		808.1303		28.4276		1.1994
8	2390.1735		1038.9184		32.2323		1.3485
9	1414.8245		685.5652		26.1833		1.8506
10	325.8802		77.2886		8.7914		2.6977
11	100.2816		14.5871		3.8193		3.8086
12	50.0051		5.9572		2.4407		4.8810
13	24.2077		1.7952		1.3398		5.5348
SVD_Post.Eff_DetectUnfStatisticCovMat statistic SVD_Post.EffCorr->GetBinError(i)
Bin	Wpt yield 		Cov_i_i		Err	Err/Wpt(%)
	 					
1	25373.8151		55574.9756		235.7435		0.9291
2	14162.9729		12219.5303		110.5420		0.7805
3	7892.7316		8702.2572		93.2859		1.1819
4	6152.8210		9193.7456		95.8840		1.5584
5	3661.0889		3881.8981		62.3049		1.7018
6	3984.5359		4437.3803		66.6137		1.6718
7	2370.1409		1909.9306		43.7028		1.8439
8	2390.1735		2182.9132		46.7217		1.9547
9	1414.8245		1252.2832		35.3876		2.5012
10	325.8802		185.7744		13.6299		4.1825
11	100.2816		45.4147		6.7390		6.7201
12	50.0051		20.6063		4.5394		9.0779
13	24.2077		8.7019		2.9499		12.1858
1	0.0104
2	0.0206
3	0.0223
4	0.0233
5	0.0152
6	0.0261
7	0.0199
8	0.0168
9	0.0053
10	0.0115
11	0.0080
12	0.0155
13	-0.0198
Lepton Effi
Bin	Wpt yield 		Cov_i_i		Err	Err/Wpt(%)
	 					
1	25167.8611		2290.0515		47.8545		0.1901
2	14143.0068		1034.4499		32.1629		0.2274
3	7987.5144		888.9491		29.8152		0.3733
4	6270.3407		928.4927		30.4712		0.4860
5	3684.7833		355.0017		18.8415		0.5113
6	3930.5000		350.4565		18.7205		0.4763
7	2315.6963		87.7980		9.3701		0.4046
8	2352.6956		59.8947		7.7392		0.3289
9	1435.2716		16.1028		4.0128		0.2796
10	347.5726		0.8722		0.9339		0.2687
11	110.6517		0.0976		0.3124		0.2823
12	57.8318		0.0304		0.1743		0.3014
13	28.3242		0.0079		0.0888		0.3136
Smear MC
Bin	Wpt yield 		Cov_i_i		Err	Err/Wpt(%)
	 					
1	25167.8611		461.6642		21.4864		0.0854
2	14143.0068		66.0195		8.1252		0.0575
3	7987.5144		61.2825		7.8283		0.0980
4	6270.3407		90.8069		9.5293		0.1520
5	3684.7833		50.0858		7.0771		0.1921
6	3930.5000		82.6197		9.0895		0.2313
7	2315.6963		35.2839		5.9400		0.2565
8	2352.6956		37.7379		6.1431		0.2611
9	1435.2716		13.0373		3.6107		0.2516
10	347.5726		0.7054		0.8399		0.2416
11	110.6517		0.0681		0.2610		0.2359
12	57.8318		0.0183		0.1353		0.2339
13	28.3242		0.0044		0.0662		0.2336
Recoil
Bin	Wpt yield 		Cov_i_i		Err	Err/Wpt(%)
	 					
1	25167.8611		420.6817		20.5105		0.0815
2	14143.0068		76.6363		8.7542		0.0619
3	7987.5144		61.4503		7.8390		0.0981
4	6270.3407		80.5914		8.9773		0.1432
5	3684.7833		48.1461		6.9387		0.1883
6	3930.5000		96.5615		9.8266		0.2500
7	2315.6963		48.4300		6.9592		0.3005
8	2352.6956		57.5215		7.5843		0.3224
9	1435.2716		21.0260		4.5854		0.3195
10	347.5726		1.1577		1.0760		0.3096
11	110.6517		0.1108		0.3329		0.3008
12	57.8318		0.0292		0.1708		0.2954
13	28.3242		0.0069		0.0830		0.2931
FSR
Bin	Wpt yield 		Cov_i_i		Err	Err/Wpt(%)
	 					
1	25167.8611		17319.0220		131.6018		0.5229
2	14143.0068		4737.9811		68.8330		0.4867
3	7987.5144		2241.7334		47.3469		0.5928
4	6270.3407		1884.1513		43.4068		0.6923
5	3684.7833		776.3497		27.8631		0.7562
6	3930.5000		1056.1479		32.4984		0.8268
7	2315.6963		436.3891		20.8899		0.9021
8	2352.6956		635.3390		25.2059		1.0714
9	1435.2716		402.4932		20.0622		1.3978
10	347.5726		39.8752		6.3147		1.8168
11	110.6517		6.0899		2.4678		2.2302
12	57.8318		2.1871		1.4789		2.5572
13	28.3242		0.6009		0.7752		2.7367
Statistic
Bin	Wpt yield 		Cov_i_i		Err	Err/Wpt(%)
	 					
1	25167.8611		31587.8824		177.7298		0.7062
2	14143.0068		5304.0253		72.8287		0.5149
3	7987.5144		3447.5786		58.7161		0.7351
4	6270.3407		4446.5049		66.6821		1.0635
5	3684.7833		1819.2737		42.6529		1.1575
6	3930.5000		1889.7074		43.4708		1.1060
7	2315.6963		628.0315		25.0606		1.0822
8	2352.6956		868.4547		29.4696		1.2526
9	1435.2716		536.2702		23.1575		1.6135
10	347.5726		49.9636		7.0685		2.0337
11	110.6517		7.1227		2.6688		2.4119
12	57.8318		2.4203		1.5557		2.6901
13	28.3242		0.6452		0.8032		2.8359

Systematics
Bin		Statistic err		Lept Recon Effi Syst 				Smear Syst		Recoil syst		FSR Syst
		 												
1		0.7062		0.1901		0.0854		0.0815				0.5229
2		0.5149		0.2274		0.0575		0.0619				0.4867
3		0.7351		0.3733		0.0980		0.0981				0.5928
4		1.0635		0.4860		0.1520		0.1432				0.6923
5		1.1575		0.5113		0.1921		0.1883				0.7562
6		1.1060		0.4763		0.2313		0.2500				0.8268
7		1.0822		0.4046		0.2565		0.3005				0.9021
8		1.2526		0.3289		0.2611		0.3224				1.0714
9		1.6135		0.2796		0.2516		0.3195				1.3978
10		2.0337		0.2687		0.2416		0.3096				1.8168
11		2.4119		0.2823		0.2359		0.3008				2.2302
12		2.6901		0.3014		0.2339		0.2954				2.5572
13		2.8359		0.3136		0.2336		0.2931				2.7367



Systematics
Bin		Statistic err		Sqrt(LeptRecEff^2 +  Smear^2 +Recoil^2  +FSR^2) 
		 		
1		0.7062		0.5688
2		0.5149		0.5438
3		0.7351		0.7141
4		1.0635		0.8712
5		1.1575		0.9516
6		1.1060		1.0132
7		1.0822		1.0647
8		1.2526		1.1950
9		1.6135		1.4824
10		2.0337		1.8781
11		2.4119		2.2803
12		2.6901		2.6023
13		2.8359		2.7800



Systematics FSR stage yields as statistics
Bin		Statistic err		Sqrt(LeptRecEff^2 +  Smear^2 +Recoil^2 +FSR^2) 
		 		
1		0.6303		0.5688
2		0.8409		0.5438
3		1.1189		0.7141
4		1.2629		0.8712
5		1.6474		0.9516
6		1.5951		1.0132
7		2.0781		1.0647
8		2.0617		1.1950
9		2.6396		1.4824
10		5.3639		1.8781
11		9.5065		2.2803
12		13.1497		2.6023
13		18.7897		2.7800



Systematics Reco stage statistics
Bin		Statistic err		Sqrt(LeptRecEff^2 +  Smear^2 +Recoil^2 +FSR^2) 
		 		
1		0.9207		0.5688
2		0.9272		0.5438
3		1.0344		0.7141
4		1.1283		0.8712
5		1.5065		0.9516
6		1.4995		1.0132
7		2.1132		1.0647
8		2.0643		1.1950
9		2.7321		1.4824
10		5.6230		1.8781
11		9.8631		2.2803
12		16.5215		2.6023
13		22.0216		2.7800



Systematics Reco BinError/Yield as statistics
Bin		Statistic err		Sqrt(LeptRecEff^2 + Smear^2 +Recoil^2 +FSR^2) 
		 		
1		1.0249		0.5688
2		1.1163		0.5438
3		1.1381		0.7141
4		1.3984		0.8712
5		1.7988		0.9516
6		1.8315		1.0132
7		2.8356		1.0647
8		2.9942		1.1950
9		4.9690		1.4824
10		5.0776		1.8781
11		8.7077		2.2803
12		14.2506		2.6023
13		19.1219		2.7800
SVD_Born.uAdetCov  -  Response Matrix Systematics; 
Bin	Wpt yield 		Cov_i_i		Err	Err/Wpt(%)
==================================================================================================
1	25167.8611		2599.6526		50.9868		0.2026
2	14143.0068		632.3959		25.1475		0.1778
3	7987.5144		284.2101		16.8585		0.2111
4	6270.3407		267.4898		16.3551		0.2608
5	3684.7833		108.5995		10.4211		0.2828
6	3930.5000		131.5444		11.4693		0.2918
7	2315.6963		53.9811		7.3472		0.3173
8	2352.6956		87.0947		9.3325		0.3967
9	1435.2716		58.7001		7.6616		0.5338
10	347.5726		6.0135		2.4522		0.7055
11	110.6517		0.9431		0.9711		0.8776
12	57.8318		0.3450		0.5874		1.0157
13	28.3242		0.0956		0.3092		1.0915
SVD_Born.uTotalCovMat
Bin	Wpt yield 		Cov_i_i		Err	Err/Wpt(%)
	 					
1	25167.8611		58688.1174		242.2563		0.9626
2	14143.0068		12594.8807		112.2269		0.7935
3	7987.5144		7462.5830		86.3862		1.0815
4	6270.3407		8278.6728		90.9872		1.4511
5	3684.7833		3388.3177		58.2093		1.5797
6	3930.5000		3848.1311		62.0333		1.5783
7	2315.6963		1374.6704		37.0765		1.6011
8	2352.6956		1867.6322		43.2161		1.8369
9	1435.2716		1121.4840		33.4886		2.3333
10	347.5726		105.3161		10.2624		2.9526
11	110.6517		15.3779		3.9215		3.5440
12	57.8318		5.3492		2.3128		3.9992
13	28.3242		1.4456		1.2023		4.2448
SVD_Born.uTauCov
Bin	Wpt yield 		Cov_i_i		Err	Err/Wpt(%)
	 					
1	25167.8611		20391.0929		142.7974		0.5674
2	14143.0068		5140.4168		71.6967		0.5069
3	7987.5144		2342.9213		48.4037		0.6060
4	6270.3407		2106.5995		45.8977		0.7320
5	3684.7833		897.6138		29.9602		0.8131
6	3930.5000		1185.5396		34.4317		0.8760
7	2315.6963		493.5269		22.2155		0.9593
8	2352.6956		742.2685		27.2446		1.1580
9	1435.2716		467.8308		21.6294		1.5070
10	347.5726		45.8073		6.7681		1.9472
11	110.6517		6.9568		2.6376		2.3837
12	57.8318		2.4912		1.5784		2.7292
13	28.3242		0.6832		0.8266		2.9183
SVD_Born.uTotalCovMat + SVD_Born.uTauCov->Add( SVD_Born.uAdetCov);
Bin	Wpt yield 		Cov_i_i		Err	Err/Wpt(%)
	 					
1	25167.8611		58688.1174		242.2563		0.9626
2	14143.0068		12594.8807		112.2269		0.7935
3	7987.5144		7462.5830		86.3862		1.0815
4	6270.3407		8278.6728		90.9872		1.4511
5	3684.7833		3388.3177		58.2093		1.5797
6	3930.5000		3848.1311		62.0333		1.5783
7	2315.6963		1374.6704		37.0765		1.6011
8	2352.6956		1867.6322		43.2161		1.8369
9	1435.2716		1121.4840		33.4886		2.3333
10	347.5726		105.3161		10.2624		2.9526
11	110.6517		15.3779		3.9215		3.5440
12	57.8318		5.3492		2.3128		3.9992
13	28.3242		1.4456		1.2023		4.2448
Yields after FSR Unfolding and SF and bin-by-bin correction
1	25167.8611	0.9811	25651.7005
2	14143.0068	0.9816	14407.5264
3	7987.5144	0.9817	8136.3206
4	6270.3407	0.9835	6375.4709
5	3684.7833	0.9822	3751.5155
6	3930.5000	0.9848	3991.1119
7	2315.6963	0.9842	2352.8211
8	2352.6956	0.9867	2384.3977
9	1435.2716	0.9898	1450.1192
10	347.5726	0.9941	349.6231
11	110.6517	0.9934	111.3855
12	57.8318	0.9975	57.9785
13	28.3242	0.9847	28.7645
SVD Unfolding Systematic = SQRT(dUnf^2+FSRUnf_SVD^2)
1	0.2026
2	0.1778
3	0.2111
4	0.2608
5	0.2828
6	0.2918
7	0.3173
8	0.3967
9	0.5338
10	0.7055
11	0.8776
12	1.0157
13	1.0915
TotalError = 3.1461
TotalError = 2.9753
TotalError = 3.0476
TotalError = 3.1393
TotalError = 3.3470
TotalError = 3.5047
TotalError = 4.1749
TotalError = 4.2063
TotalError = 4.7791
TotalError = 8.5244
TotalError = 14.2166
TotalError = 25.7075
TotalError = 32.6918
