# 2012 Low PU Data
#     bin      pT range     center      1/sigma*dsigma/dpT      (- error)       (+error) 
       1          0     2.5     1.25        0.0334                -0.0021         0.0021
       2          2.5   5.0     2.5         0.0553                -0.0026         0.0026     
       3          5.0   7.5     6.75        0.0519                -0.0025         0.0025     
       4          7.5   10.0    8.75        0.0386                -0.0023         0.0023    
       5          10.0  12.5    11.25       0.0355                -0.0022         0.0022   
       6          12.5  15.0    13.75       0.0241                -0.0019         0.0019   
       7          15.0  17.5    16.25       0.0225                -0.0017         0.0017   
       8          17.5  20.0    18.75       0.0172                -0.0015         0.0015   
       9          20.0  30.0    25          0.01175               -0.00048        0.00048  
      10          30.0  40.0    35          0.00651               -0.00036        0.00036  
      11          40.0  50.0    45          0.00402               -0.00029        0.00029  
      12          50.0  70.0    60          0.00216               -0.00014        0.00014  
      13          70.0  90.0    80          0.000889              -0.000096       0.000096 
      14          90.0  110.0   100         0.000410              -0.000066       0.000066 
      15          110.0 150.0   130         0.000165              -0.000028       0.000028 
      16          150.0 190.0   170         0.000077              -0.000019       0.000019 
      17          190.0 250.0   220         0.0000090             -0.0000063      0.0000063
      18          250.0 600.0   425         0.0000044             -0.0000020      0.0000020
