# 2010 Data
#     bin      pT range     center      1/sigma*dsigma/dpT      (- error)       (+error) 
       1          0     2.5     1.25        0.0321               -0.0014         0.0014 
       2          2.5   5.0     2.5         0.0589               -0.0021         0.0021
       3          5.0   7.5     6.75        0.0551               -0.0020         0.0020
       4          7.5   10.0    8.75        0.0390               -0.0018         0.0018
       5          10.0  12.5    11.25       0.0349               -0.0016         0.0016
       6          12.5  15.0    13.75       0.0274               -0.0015         0.0015
       7          15.0  17.5    16.25       0.0223               -0.0014         0.0014
       8          17.5  20.0    18.75       0.0168               -0.0012         0.0012
       9          20.0  30.0    25          0.0114               -0.0004         0.0004
      10          30.0  40.0    35          0.00632              -0.00028        0.00028
      11          40.0  50.0    45          0.00353              -0.00021        0.00021
      12          50.0  70.0    60          0.00174              -0.00010        0.00010
      13          70.0  90.0    80          0.000776             -0.000071       0.000071  
      14          90.0  110.0   100         0.000487             -0.000055       0.000055
      15          110.0 150.0   130         0.000179             -0.000022       0.000022
      16          150.0 190.0   170         0.000071             -0.000014       0.000014 
      17          190.0 250.0   220         0.0000117            -0.0000051      0.0000051  
      18          250.0 600.0   425         0.00000224           -0.00000078     0.00000078    
