Nsimul N of bins: 13
Total Events:             708481.5
NsimulEven:             354145.2
NsimulOdd:             354336.3
NdetectorResponse: 708481.5
NdetectorResponseEffCorr: 708481.5
Real Data: 30225.25
xini, bini in Detector Unfolding
1	226032.6	128342.1
2	146226	146008.7
3	92091.25	123421.6
4	75462.82	107698.9
5	45037.83	60469.91
6	46778.6	57303.6
7	26453.82	30492.92
8	26969.98	29355.74
9	17000.91	17323.77
10	4321.496	5192.713
11	1328.861	1652.488
12	637.7864	786.3091
13	263.0264	432.8027
Effi Reco stage Syst
Bin	Wpt yield 	Cov_i_i	Err	Err/Wpt(%)
=============================================================
1	5805.0841		169.9162		13.0352		0.2245
2	6357.4988		45.9111		6.7758		0.1066
3	4855.4587		43.4939		6.5950		0.1358
4	4399.4446		80.7728		8.9874		0.2043
5	2438.9344		60.0407		7.7486		0.3177
6	2334.0561		108.1266		10.3984		0.4455
7	1380.3308		46.9264		6.8503		0.4963
8	1434.7261		142.3406		11.9307		0.8316
9	890.0868		35.9415		5.9951		0.6735
10	215.9973		42.9083		6.5504		3.0326
11	66.6839		43.9958		6.6329		9.9468
12	31.4581		11.9664		3.4592		10.9964
13	15.4876		1.4462		1.2026		7.7648
Smear Reco stage Syst
Bin	Wpt yield 		Cov_i_i		Err	Err/Wpt(%)
	 					
1	5805.0841		0.8304		0.9113		0.0157
2	6357.4988		3.1140		1.7647		0.0278
3	4855.4587		5.6902		2.3854		0.0491
4	4399.4446		11.0166		3.3191		0.0754
5	2438.9344		8.8877		2.9812		0.1222
6	2334.0561		13.4807		3.6716		0.1573
7	1380.3308		10.9542		3.3097		0.2398
8	1434.7261		8.9056		2.9842		0.2080
9	890.0868		3.3849		1.8398		0.2067
10	215.9973		0.6502		0.8064		0.3733
11	66.6839		0.1658		0.4072		0.6106
12	31.4581		0.1021		0.3196		1.0159
13	15.4876		0.0207		0.1440		0.9298
Recoil Reco stage Syst
Bin	Wpt yield 		Cov_i_i		Err	Err/Wpt(%)
	 					
1	5805.0841		283.5409		16.8387		0.2901
2	6357.4988		44.6267		6.6803		0.1051
3	4855.4587		45.7094		6.7609		0.1392
4	4399.4446		241.2943		15.5337		0.3531
5	2438.9344		59.1467		7.6907		0.3153
6	2334.0561		132.8903		11.5278		0.4939
7	1380.3308		50.9291		7.1365		0.5170
8	1434.7261		114.1612		10.6846		0.7447
9	890.0868		40.5901		6.3710		0.7158
10	215.9973		55.3801		7.4418		3.4453
11	66.6839		42.0689		6.4861		9.7266
12	31.4581		5.0644		2.2504		7.1537
13	15.4876		0.6480		0.8050		5.1975
Scale Reco stage Syst
Bin	Wpt yield 	Cov_i_i	Err	Err/Wpt(%)
=============================================================
1	5805.0841	22.2170	4.7135	0.0812
2	6357.4988	11.7854	3.4330	0.0540
3	4855.4587	13.5188	3.6768	0.0757
4	4399.4446	21.0129	4.5840	0.1042
5	2438.9344	15.2172	3.9009	0.1599
6	2334.0561	16.1204	4.0150	0.1720
7	1380.3308	7.5035	2.7392	0.1984
8	1434.7261	3.9953	1.9988	0.1393
9	890.0868	3.3289	1.8245	0.2050
10	215.9973	0.1269	0.3563	0.1650
11	66.6839	0.0022	0.0474	0.0711
12	31.4581	0.0000	0.0035	0.0113
13	15.4876	0.0010	0.0314	0.2028
En.Res. Reco stage Syst
Bin	Wpt yield 	Sqrt(Scale^2+Smear^2)
=============================================================
1	5805.0841	0.0827
2	6357.4988	0.0607
3	4855.4587	0.0903
4	4399.4446	0.1286
5	2438.9344	0.2013
6	2334.0561	0.2331
7	1380.3308	0.3112
8	1434.7261	0.2503
9	890.0868	0.2911
10	215.9973	0.4081
11	66.6839	0.6147
12	31.4581	1.0160
13	15.4876	0.9516
Statistic Reco stage
Bin	Wpt yield 		Cov_i_i		Err	Err/Wpt(%)
	 					
1	5805.0841		5805.0841		76.1911		1.3125
2	6357.4988		6357.4988		79.7339		1.2542
3	4855.4587		4855.4587		69.6811		1.4351
4	4399.4446		4399.4446		66.3283		1.5077
5	2438.9344		2438.9344		49.3856		2.0249
6	2334.0561		2334.0561		48.3121		2.0699
7	1380.3308		1380.3308		37.1528		2.6916
8	1434.7261		1434.7261		37.8778		2.6401
9	890.0868		890.0868		29.8343		3.3518
10	215.9973		215.9973		14.6968		6.8042
11	66.6839		66.6839		8.1660		12.2459
12	31.4581		31.4581		5.6088		17.8293
13	15.4876		15.4876		3.9354		25.4102


Systematics 
Bin		Statistic err		Lept Recon Effi Syst 		Smear Syst		Recoil syst		Scale Syst
		 										
1		1.3125		0.2245		0.0157		0.2901		0.0812
2		1.2542		0.1066		0.0278		0.1051		0.0540
3		1.4351		0.1358		0.0491		0.1392		0.0757
4		1.5077		0.2043		0.0754		0.3531		0.1042
5		2.0249		0.3177		0.1222		0.3153		0.1599
6		2.0699		0.4455		0.1573		0.4939		0.1720
7		2.6916		0.4963		0.2398		0.5170		0.1984
8		2.6401		0.8316		0.2080		0.7447		0.1393
9		3.3518		0.6735		0.2067		0.7158		0.2050
10		6.8042		3.0326		0.3733		3.4453		0.1650
11		12.2459		9.9468		0.6106		9.7266		0.0711
12		17.8293		10.9964		1.0159		7.1537		0.0113
13		25.4102		7.7648		0.9298		5.1975		0.2028



Total Systematics - Reconstruction stage
		Sqrt(LeptRecEff^2 + Scale^2 + Smear^2 +Recoil^2) 
		 		
0.3760
0.1615
0.2144
0.4277
0.4908
0.7048
0.7813
1.1440
1.0251
4.6080
13.9256
13.1578
9.3921
Unfolding response Matrices
Bin	 dUnf	 FSR Unf
1 1	78073.7951	349669.0000
1 2	33526.4176	5980.0000
1 3	11287.6558	824.0000
1 4	4110.4821	262.0000
1 5	926.0165	75.0000
1 6	331.2621	31.0000
1 7	66.9639	4.0000
1 8	19.4783	3.0000
1 9	0.0000	0.0000
1 10	0.0000	0.0000
1 11	0.0000	0.0000
1 12	0.0000	0.0000
1 13	0.0000	0.0000
2 1	73714.7770	8463.0000
2 2	41978.1855	207420.0000
2 3	19115.1412	4213.0000
2 4	8215.6997	711.0000
2 5	2039.2724	182.0000
2 6	772.1942	95.0000
2 7	130.7038	23.0000
2 8	42.6977	5.0000
2 9	0.0000	0.0000
2 10	0.0000	0.0000
2 11	0.0000	0.0000
2 12	0.0000	0.0000
2 13	0.0000	0.0000
3 1	44850.6510	1522.0000
3 2	35521.7002	3422.0000
3 3	22510.5006	126136.0000
3 4	14120.6498	3137.0000
3 5	4350.6138	451.0000
3 6	1736.9221	177.0000
3 7	250.0783	66.0000
3 8	78.5608	17.0000
3 9	1.9345	3.0000
3 10	0.0000	0.0000
3 11	0.0000	0.0000
3 12	0.0000	0.0000
3 13	0.0000	0.0000
4 1	22339.3275	124.0000
4 2	24374.7509	394.0000
4 3	23187.9036	1739.0000
4 4	21654.7493	102296.0000
4 5	10054.2474	2474.0000
4 6	5083.6422	599.0000
4 7	788.2399	116.0000
4 8	204.3643	61.0000
4 9	11.6638	14.0000
4 10	0.0000	0.0000
4 11	0.0000	0.0000
4 12	0.0000	0.0000
4 13	0.0000	0.0000
5 1	5472.7447	20.0000
5 2	7708.6206	21.0000
5 3	10465.1005	41.0000
5 4	15146.0118	698.0000
5 5	11079.4530	60181.0000
5 6	8499.3462	2088.0000
5 7	1698.1379	259.0000
5 8	370.5028	106.0000
5 9	29.9943	17.0000
5 10	0.0000	1.0000
5 11	0.0000	0.0000
5 12	0.0000	0.0000
5 13	0.0000	0.0000
6 1	1499.1866	9.0000
6 2	2788.2442	16.0000
6 3	4738.3728	9.0000
6 4	10100.4252	16.0000
6 5	12462.7019	293.0000
6 6	17073.7768	62665.0000
6 7	6748.0554	1655.0000
6 8	1794.7068	378.0000
6 9	98.1282	66.0000
6 10	0.0000	4.0000
6 11	0.0000	1.0000
6 12	0.0000	0.0000
6 13	0.0000	0.0000
7 1	77.3436	3.0000
7 2	304.9112	0.0000
7 3	668.6703	1.0000
7 4	1781.3789	4.0000
7 5	3351.5995	4.0000
7 6	9882.4799	65.0000
7 7	9031.4879	34870.0000
7 8	5091.3702	1281.0000
7 9	302.7206	120.0000
7 10	0.9570	11.0000
7 11	0.0000	1.0000
7 12	0.0000	0.0000
7 13	0.0000	0.0000
8 1	1.9260	1.0000
8 2	23.1379	2.0000
8 3	117.9060	2.0000
8 4	327.6339	0.0000
8 5	753.8360	1.0000
8 6	3208.9424	3.0000
8 7	7225.0676	29.0000
8 8	14679.7457	35535.0000
8 9	3000.9649	911.0000
8 10	16.5791	22.0000
8 11	0.0000	4.0000
8 12	0.0000	1.0000
8 13	0.0000	0.0000
9 1	0.9573	0.0000
9 2	0.0000	2.0000
9 3	0.0000	0.0000
9 4	5.7934	1.0000
9 5	20.0889	0.0000
9 6	190.0329	0.0000
9 7	515.0821	2.0000
9 8	4641.2269	3.0000
9 9	10966.4804	22270.0000
9 10	983.1450	322.0000
9 11	0.9648	21.0000
9 12	0.0000	1.0000
9 13	0.0000	1.0000
10 1	0.9573	0.0000
10 2	0.0000	1.0000
10 3	0.0000	0.0000
10 4	0.0000	0.0000
10 5	0.0000	0.0000
10 6	0.0000	0.0000
10 7	0.0000	0.0000
10 8	47.3303	0.0000
10 9	1950.1870	0.0000
10 10	2893.4876	5485.0000
10 11	300.7512	88.0000
10 12	0.0000	15.0000
10 13	0.0000	2.0000
11 1	0.0000	0.0000
11 2	0.0000	0.0000
11 3	0.0000	0.0000
11 4	0.0000	0.0000
11 5	0.0000	0.0000
11 6	0.0000	0.0000
11 7	0.0000	0.0000
11 8	0.0000	0.0000
11 9	198.3101	0.0000
11 10	422.3507	0.0000
11 11	932.8278	1647.0000
11 12	98.9990	37.0000
11 13	0.0000	3.0000
12 1	0.0000	0.0000
12 2	0.0000	0.0000
12 3	0.0000	0.0000
12 4	0.0000	0.0000
12 5	0.0000	0.0000
12 6	0.0000	0.0000
12 7	0.0000	0.0000
12 8	0.0000	0.0000
12 9	137.6485	0.0000
12 10	4.9761	0.0000
12 11	94.3167	0.0000
12 12	538.7874	795.0000
12 13	10.5804	9.0000
13 1	0.9542	0.0000
13 2	0.0000	0.0000
13 3	0.0000	0.0000
13 4	0.0000	0.0000
13 5	0.0000	0.0000
13 6	0.0000	0.0000
13 7	0.0000	0.0000
13 8	0.0000	0.0000
13 9	180.3588	0.0000
13 10	0.0000	0.0000
13 11	0.0000	0.0000
13 12	0.0000	0.0000
13 13	251.4898	335.0000
bini and xini in Unfolding
Bin	 dUnf bini	 dUnf xini	 FSR Unf bini	 FSR Unf xini
1	128342.0714	226032.6204	356848.0000	359811.0000
2	146008.6715	146225.9681	221112.0000	217258.0000
3	123421.6111	92091.2508	134931.0000	132965.0000
4	107698.8888	75462.8240	107817.0000	107125.0000
5	60469.9118	45037.8296	63432.0000	63661.0000
6	57303.5980	46778.5989	65112.0000	65723.0000
7	30492.9193	26453.8166	36360.0000	37024.0000
8	29355.7394	26969.9838	36511.0000	37389.0000
9	17323.7717	17000.9136	22623.0000	23401.0000
10	5192.7135	4321.4955	5591.0000	5845.0000
11	1652.4875	1328.8605	1687.0000	1762.0000
12	786.3091	637.7864	804.0000	849.0000
13	432.8027	263.0264	335.0000	350.0000
Effi Detector Unfolding stage Syst
Bin	Wpt yield 		Cov_i_i		Err	Err/Wpt(%)
	 					
1	10233.4924		184.3422		13.5773		0.1327
2	6115.9428		19.2037		4.3822		0.0717
3	3528.9903		31.3042		5.5950		0.1585
4	2810.2861		43.1014		6.5652		0.2336
5	1763.4180		18.2179		4.2682		0.2420
6	2007.4866		25.3882		5.0387		0.2510
7	1237.4739		14.0901		3.7537		0.3033
8	1326.1706		23.7516		4.8736		0.3675
9	838.7687		26.4398		5.1420		0.6130
10	207.4616		6.7296		2.5941		1.2504
11	61.7447		1.5486		1.2444		2.0154
12	28.8222		0.5900		0.7681		2.6650
13	11.6972		0.1248		0.3532		3.0196
Scale Detector Unfolding stage Syst
Bin	Wpt yield 	Cov_i_i	Err	Err/Wpt(%)
=============================================================
1	10233.4924	37.1884	6.0982	0.0596
2	6115.9428	7.1949	2.6823	0.0439
3	3528.9903	9.8174	3.1333	0.0888
4	2810.2861	11.6182	3.4085	0.1213
5	1763.4180	5.0718	2.2521	0.1277
6	2007.4866	6.4374	2.5372	0.1264
7	1237.4739	1.8281	1.3521	0.1093
8	1326.1706	1.7177	1.3106	0.0988
9	838.7687	1.0227	1.0113	0.1206
10	207.4616	0.0919	0.3032	0.1461
11	61.7447	0.0107	0.1036	0.1677
12	28.8222	0.0028	0.0526	0.1825
13	11.6972	0.0005	0.0222	0.1900
Smear Detector Unfolding stage Syst
Bin	Wpt yield 		Cov_i_i		Err	Err/Wpt(%)
	 					
1	10233.4924		9.8917		3.1451		0.0307
2	6115.9428		3.0306		1.7409		0.0285
3	3528.9903		5.0752		2.2528		0.0638
4	2810.2861		6.8466		2.6166		0.0931
5	1763.4180		3.7398		1.9339		0.1097
6	2007.4866		5.3860		2.3208		0.1156
7	1237.4739		1.6486		1.2840		0.1038
8	1326.1706		1.5543		1.2467		0.0940
9	838.7687		0.8736		0.9347		0.1114
10	207.4616		0.0950		0.3083		0.1486
11	61.7447		0.0143		0.1194		0.1934
12	28.8222		0.0046		0.0681		0.2363
13	11.6972		0.0009		0.0306		0.2617
Recoil Detector Unfolding stage Syst
Bin	Wpt yield 		Cov_i_i		Err	Err/Wpt(%)
	 					
1	10233.4924		321.5430		17.9316		0.1752
2	6115.9428		39.8079		6.3094		0.1032
3	3528.9903		66.4282		8.1503		0.2310
4	2810.2861		70.6587		8.4059		0.2991
5	1763.4180		23.5868		4.8566		0.2754
6	2007.4866		26.6755		5.1648		0.2573
7	1237.4739		10.8751		3.2977		0.2665
8	1326.1706		17.1502		4.1413		0.3123
9	838.7687		25.3416		5.0340		0.6002
10	207.4616		6.9491		2.6361		1.2707
11	61.7447		1.5183		1.2322		1.9956
12	28.8222		0.5465		0.7392		2.5649
13	11.6972		0.1129		0.3360		2.8727
Statistic Detector Unfolding stage
Bin	Wpt yield 		Cov_i_i		Err	Err/Wpt(%)
	 					
1	10233.4924		14411.3025		120.0471		1.1731
2	6115.9428		2478.4560		49.7841		0.8140
3	3528.9903		2433.3199		49.3287		1.3978
4	2810.2861		2611.0230		51.0982		1.8183
5	1763.4180		949.3368		30.8113		1.7472
6	2007.4866		1167.5800		34.1699		1.7021
7	1237.4739		419.5259		20.4823		1.6552
8	1326.1706		519.6029		22.7948		1.7188
9	838.7687		364.5190		19.0924		2.2762
10	207.4616		45.1306		6.7179		3.2382
11	61.7447		7.3313		2.7076		4.3852
12	28.8222		2.4916		1.5785		5.4766
13	11.6972		0.5189		0.7204		6.1584
Stat+Syst+RespMatErr systematic after Detector Unfolding
Bin	Wpt yield 		Cov_i_i		Err	Err/Wpt(%)
	 					
1	10233.4924		14964.2678		122.3285		1.1954
2	6115.9428		2547.6931		50.4747		0.8253
3	3528.9903		2545.9449		50.4574		1.4298
4	2810.2861		2743.2478		52.3760		1.8637
5	1763.4180		999.9530		31.6220		1.7932
6	2007.4866		1231.4671		35.0923		1.7481
7	1237.4739		447.9678		21.1652		1.7104
8	1326.1706		563.7767		23.7440		1.7904
9	838.7687		418.1969		20.4499		2.4381
10	207.4616		58.9963		7.6809		3.7023
11	61.7447		10.4231		3.2285		5.2288
12	28.8222		3.6355		1.9067		6.6154
13	11.6972		0.7580		0.8706		7.4432



Systematics
Bin		Statistic err		Lept Recon Effi Syst 				Smear Syst		Recoil syst		Scale Syst
		 												
1		1.1731		0.1327		0.0307		0.1752		0.0596
2		0.8140		0.0717		0.0285		0.1032		0.0439
3		1.3978		0.1585		0.0638		0.2310		0.0888
4		1.8183		0.2336		0.0931		0.2991		0.1213
5		1.7472		0.2420		0.1097		0.2754		0.1277
6		1.7021		0.2510		0.1156		0.2573		0.1264
7		1.6552		0.3033		0.1038		0.2665		0.1093
8		1.7188		0.3675		0.0940		0.3123		0.0988
9		2.2762		0.6130		0.1114		0.6002		0.1206
10		3.2382		1.2504		0.1486		1.2707		0.1461
11		4.3852		2.0154		0.1934		1.9956		0.1677
12		5.4766		2.6650		0.2363		2.5649		0.1825
13		6.1584		3.0196		0.2617		2.8727		0.1900



Systematics Detector Unfolding stage
		Sqrt(LeptRecEff^2 +  Smear^2 +Recoil^2 +Scale^2) 
		 		
0.2298
0.1361
0.3007
0.4092
0.4034
0.3982
0.4310
0.5012
0.8735
1.7949
2.8478
3.7108
4.1803
SVD_Post.uTotalCovMat  -  Systematics; 
Bin	Wpt yield 		Cov_i_i		Err	Err/Wpt(%)
==================================================================================================
1	10233.4924		15510.0393		124.5393		1.2170
2	6115.9428		2646.6861		51.4460		0.8412
3	3528.9903		2647.6962		51.4558		1.4581
4	2810.2861		2850.4371		53.3895		1.8998
5	1763.4180		1039.0423		32.2342		1.8279
6	2007.4866		1280.7174		35.7871		1.7827
7	1237.4739		467.3194		21.6176		1.7469
8	1326.1706		589.9906		24.2897		1.8316
9	838.7687		436.9540		20.9034		2.4922
10	207.4616		61.3784		7.8344		3.7763
11	61.7447		10.8100		3.2879		5.3249
12	28.8222		3.7679		1.9411		6.7348
13	11.6972		0.7859		0.8865		7.5787
SVD_Post.uTotalSystCov  -  Systematics; 
Bin	Wpt yield 		Cov_i_i		Err	Err/Wpt(%)
==================================================================================================
1	10233.4924		552.9653		23.5152		0.2298
2	6115.9428		69.2371		8.3209		0.1361
3	3528.9903		112.6250		10.6125		0.3007
4	2810.2861		132.2249		11.4989		0.4092
5	1763.4180		50.6162		7.1145		0.4034
6	2007.4866		63.8871		7.9929		0.3982
7	1237.4739		28.4419		5.3331		0.4310
8	1326.1706		44.1738		6.6463		0.5012
9	838.7687		53.6778		7.3265		0.8735
10	207.4616		13.8656		3.7237		1.7949
11	61.7447		3.0919		1.7584		2.8478
12	28.8222		1.1439		1.0695		3.7108
13	11.6972		0.2391		0.4890		4.1803
SVD_Post.uAdetCov  -  Response Matrix Systematics; 
Bin	Wpt yield 		Cov_i_i		Err	Err/Wpt(%)
==================================================================================================
1	10233.4924		545.7715		23.3618		0.2283
2	6115.9428		98.9929		9.9495		0.1627
3	3528.9903		101.7513		10.0872		0.2858
4	2810.2861		107.1893		10.3532		0.3684
5	1763.4180		39.0893		6.2521		0.3545
6	2007.4866		49.2503		7.0179		0.3496
7	1237.4739		19.3516		4.3990		0.3555
8	1326.1706		26.2140		5.1200		0.3861
9	838.7687		18.7571		4.3310		0.5163
10	207.4616		2.3821		1.5434		0.7439
11	61.7447		0.3869		0.6220		1.0074
12	28.8222		0.1324		0.3639		1.2624
13	11.6972		0.0279		0.1669		1.4269
SVD_Post.uTauCov Detector Unfolding 
Bin	Wpt yield 		Cov_i_i		Err	Err/Wpt(%)
	 					
1	10233.4924		14786.9430		121.6016		1.1883
2	6115.9428		2406.6689		49.0578		0.8021
3	3528.9903		2446.4192		49.4613		1.4016
4	2810.2861		2739.2400		52.3377		1.8624
5	1763.4180		991.9242		31.4948		1.7860
6	2007.4866		1179.5769		34.3450		1.7108
7	1237.4739		446.4009		21.1282		1.7074
8	1326.1706		586.7774		24.2235		1.8266
9	838.7687		415.8626		20.3927		2.4313
10	207.4616		57.0587		7.5537		3.6410
11	61.7447		9.9791		3.1590		5.1162
12	28.8222		3.4693		1.8626		6.4624
13	11.6972		0.7223		0.8499		7.2657
SVD_Post.uTauCov->Add( SVD_Post.uAdetCov); 
Bin	Wpt yield 		Cov_i_i		Err	Err/Wpt(%)
	 					
1	10233.4924		15332.7146		123.8253		1.2100
2	6115.9428		2505.6618		50.0566		0.8185
3	3528.9903		2548.1706		50.4794		1.4304
4	2810.2861		2846.4293		53.3519		1.8985
5	1763.4180		1031.0135		32.1094		1.8209
6	2007.4866		1228.8272		35.0546		1.7462
7	1237.4739		465.7525		21.5813		1.7440
8	1326.1706		612.9914		24.7587		1.8669
9	838.7687		434.6197		20.8475		2.4855
10	207.4616		59.4408		7.7098		3.7162
11	61.7447		10.3660		3.2196		5.2144
12	28.8222		3.6017		1.8978		6.5846
13	11.6972		0.7502		0.8661		7.4045
SVD_Post.uTotalRecoCovMat; 
Bin	Wpt yield 		Cov_i_i		Err	Err/Wpt(%)
	 					
1	10233.4924		15885.6799		126.0384		1.2316
2	6115.9428		2574.8989		50.7435		0.8297
3	3528.9903		2660.7955		51.5829		1.4617
4	2810.2861		2978.6542		54.5770		1.9420
5	1763.4180		1081.6297		32.8881		1.8650
6	2007.4866		1292.7143		35.9543		1.7910
7	1237.4739		494.1945		22.2305		1.7964
8	1326.1706		657.1651		25.6352		1.9330
9	838.7687		488.2975		22.0975		2.6345
10	207.4616		73.3064		8.5619		4.1270
11	61.7447		13.4579		3.6685		5.9414
12	28.8222		4.7456		2.1784		7.5582
13	11.6972		0.9893		0.9946		8.5030
Yields after Detector Unfolding (dUnf, MC efficiency and MC event SF correction)
1	10233.4924	1.5788	16156.6904
2	6115.9428	1.5122	9248.4035
3	3528.9903	1.4649	5169.7928
4	2810.2861	1.4286	4014.8785
5	1763.4180	1.4085	2483.7240
6	2007.4866	1.3922	2794.7345
7	1237.4739	1.3745	1700.8713
8	1326.1706	1.3536	1795.1663
9	838.7687	1.3306	1116.0798
10	207.4616	1.2940	268.4651
11	61.7447	1.2695	78.3855
12	28.8222	1.2606	36.3336
13	11.6972	1.2736	14.8980
FSR Syst 
Bin	Wpt yield 		Cov_i_i		Err	Err/Wpt(%)
	 					
1	10233.4924		5805.0841		101.1607		1.2421
2	6115.9428		6357.4988		78.2045		1.5724
3	3528.9903		4855.4587		59.4053		2.0374
4	2810.2861		4399.4446		53.0121		2.2547
5	1763.4180		2438.9344		41.9931		2.8262
6	2007.4866		2334.0561		44.8050		2.6334
7	1237.4739		1380.3308		35.1777		3.3327
8	1326.1706		1434.7261		36.4166		3.1949
9	838.7687		890.0868		28.9615		3.9830
10	207.4616		215.9973		14.4035		7.8978
11	61.7447		66.6839		7.8578		14.3390
12	28.8222		31.4581		5.3686		20.9135
13	11.6972		15.4876		3.4201		32.9976
SVD_Post.uTauCov->Add( SVD_Post.uAdetCov); Eff applied
Bin	Wpt yield 		Cov_i_i		Err	Err/Wpt(%)
	 					
1	16156.6904		38218.7179		195.4961		1.2100
2	9248.4035		5729.6642		75.6945		0.8185
3	5169.7928		5468.5710		73.9498		1.4304
4	4014.8785		5809.5723		76.2206		1.8985
5	2483.7240		2045.3163		45.2252		1.8209
6	2794.7345		2381.5878		48.8015		1.7462
7	1700.8713		879.8853		29.6629		1.7440
8	1795.1663		1123.2202		33.5145		1.8669
9	1116.0798		769.5122		27.7401		2.4855
10	268.4651		99.5371		9.9768		3.7162
11	78.3855		16.7064		4.0874		5.2144
12	36.3336		5.7236		2.3924		6.5846
13	14.8980		1.2169		1.1031		7.4045
Effi Detector Unfolding MCEventEff apply stage Syst
Bin	Wpt yield 		Cov_i_i		Err	Err/Wpt(%)
	 					
1	16156.6904		459.4961		21.4359		0.1327
2	9248.4035		43.9129		6.6267		0.0717
3	5169.7928		67.1812		8.1964		0.1585
4	4014.8785		87.9700		9.3792		0.2336
5	2483.7240		36.1405		6.0117		0.2420
6	2794.7345		49.2049		7.0146		0.2510
7	1700.8713		26.6186		5.1593		0.3033
8	1795.1663		43.5214		6.5971		0.3675
9	1116.0798		46.8128		6.8420		0.6130
10	268.4651		11.2691		3.3569		1.2504
11	78.3855		2.4958		1.5798		2.0154
12	36.3336		0.9376		0.9683		2.6650
13	14.8980		0.2024		0.4499		3.0196
Scale Detector Unfolding MCEventEff apply stage Syst
Bin	Wpt yield 		Cov_i_i		Err	Err/Wpt(%)
	 					
1	16156.6904		92.6967		9.6279		0.0596
2	9248.4035		16.4525		4.0562		0.0439
3	5169.7928		21.0690		4.5901		0.0888
4	4014.8785		23.7128		4.8696		0.1213
5	2483.7240		10.0613		3.1720		0.1277
6	2794.7345		12.4763		3.5322		0.1264
7	1700.8713		3.4537		1.8584		0.1093
8	1795.1663		3.1474		1.7741		0.0988
9	1116.0798		1.8108		1.3457		0.1206
10	268.4651		0.1539		0.3923		0.1461
11	78.3855		0.0173		0.1315		0.1677
12	36.3336		0.0044		0.0663		0.1825
13	14.8980		0.0008		0.0283		0.1900
Smear Detector Unfolding MCEventEff apply stage Syst
Bin	Wpt yield 		Cov_i_i		Err	Err/Wpt(%)
	 					
1	16156.6904		24.6562		4.9655		0.0307
2	9248.4035		6.9300		2.6325		0.0285
3	5169.7928		10.8917		3.3003		0.0638
4	4014.8785		13.9739		3.7382		0.0931
5	2483.7240		7.4191		2.7238		0.1097
6	2794.7345		10.4386		3.2309		0.1156
7	1700.8713		3.1145		1.7648		0.1038
8	1795.1663		2.8480		1.6876		0.0940
9	1116.0798		1.5468		1.2437		0.1114
10	268.4651		0.1591		0.3989		0.1486
11	78.3855		0.0230		0.1516		0.1934
12	36.3336		0.0074		0.0859		0.2363
13	14.8980		0.0015		0.0390		0.2617
Recoil Detector Unfolding MCEventEff apply stage Syst
Bin	Wpt yield 		Cov_i_i		Err	Err/Wpt(%)
	 					
1	16156.6904		801.4865		28.3105		0.1752
2	9248.4035		91.0283		9.5409		0.1032
3	5169.7928		142.5600		11.9399		0.2310
4	4014.8785		144.2147		12.0089		0.2991
5	2483.7240		46.7912		6.8404		0.2754
6	2794.7345		51.6997		7.1903		0.2573
7	1700.8713		20.5449		4.5326		0.2665
8	1795.1663		31.4254		5.6058		0.3123
9	1116.0798		44.8684		6.6984		0.6002
10	268.4651		11.6367		3.4113		1.2707
11	78.3855		2.4469		1.5643		1.9956
12	36.3336		0.8684		0.9319		2.5649
13	14.8980		0.1832		0.4280		2.8727
Statistic Detector Unfolding MCEventEff apply stage
Bin	Wpt yield 		Cov_i_i		Err	Err/Wpt(%)
	 					
1	16156.6904		35921.9824		189.5310		1.1731
2	9248.4035		5667.4531		75.2825		0.8140
3	5169.7928		5222.0925		72.2640		1.3978
4	4014.8785		5329.1071		73.0007		1.8183
5	2483.7240		1883.2867		43.3969		1.7472
6	2794.7345		2262.8847		47.5698		1.7021
7	1700.8713		792.5553		28.1524		1.6552
8	1795.1663		952.0990		30.8561		1.7188
9	1116.0798		645.3961		25.4046		2.2762
10	268.4651		75.5739		8.6933		3.2382
11	78.3855		11.8154		3.4374		4.3852
12	36.3336		3.9595		1.9898		5.4766
13	14.8980		0.8418		0.9175		6.1584
SVD_Post.Eff_DetectUnfStatisticCovMat statistic SVD_Post.EffCorr->GetBinError(i)
Bin	Wpt yield 		Cov_i_i		Err	Err/Wpt(%)
	 					
1	16156.6904		40105.1452		200.2627		1.2395
2	9248.4035		6701.4530		81.8624		0.8852
3	5169.7928		5956.8213		77.1804		1.4929
4	4014.8785		6172.6672		78.5663		1.9569
5	2483.7240		2279.5448		47.7446		1.9223
6	2794.7345		2668.5400		51.6579		1.8484
7	1700.8713		1068.8088		32.6926		1.9221
8	1795.1663		1330.9634		36.4824		2.0323
9	1116.0798		897.8371		29.9639		2.6847
10	268.4651		129.1096		11.3626		4.2324
11	78.3855		24.9723		4.9972		6.3752
12	36.3336		9.4354		3.0717		8.4542
13	14.8980		2.7232		1.6502		11.0768
1	0.0072
2	0.0134
3	0.0093
4	0.0059
5	0.0090
6	0.0035
7	0.0120
8	0.0119
9	0.0153
10	0.0092
11	0.0049
12	0.0109
13	-0.0055
Lepton Effi
Bin	Wpt yield 		Cov_i_i		Err	Err/Wpt(%)
	 					
1	15620.2829		184.3536		13.5777		0.0869
2	9157.1129		30.4181		5.5153		0.0602
3	5414.8478		16.8367		4.1033		0.0758
4	4297.2508		23.4138		4.8388		0.1126
5	2588.8390		10.7283		3.2754		0.1265
6	2766.5065		14.1371		3.7599		0.1359
7	1625.7161		8.8792		2.9798		0.1833
8	1708.7790		21.9089		4.6807		0.2739
9	1104.9854		17.7341		4.2112		0.3811
10	282.9121		1.8518		1.3608		0.4810
11	86.8152		0.2373		0.4872		0.5612
12	42.3160		0.0680		0.2607		0.6162
13	17.5442		0.0128		0.1130		0.6440
Scale after FSR Unf
Bin	Wpt yield 		Cov_i_i		Err	Err/Wpt(%)
	 					
1	15620.2829		46.3601		6.8088		0.0436
2	9157.1129		12.2231		3.4962		0.0382
3	5414.8478		7.9924		2.8271		0.0522
4	4297.2508		10.1393		3.1842		0.0741
5	2588.8390		5.0844		2.2549		0.0871
6	2766.5065		6.3193		2.5138		0.0909
7	1625.7161		2.1626		1.4706		0.0905
8	1708.7790		2.4603		1.5685		0.0918
9	1104.9854		1.1461		1.0705		0.0969
10	282.9121		0.0865		0.2940		0.1039
11	86.8152		0.0092		0.0961		0.1107
12	42.3160		0.0024		0.0490		0.1157
13	17.5442		0.0004		0.0208		0.1183
Smear MC
Bin	Wpt yield 		Cov_i_i		Err	Err/Wpt(%)
	 					
1	15620.2829		11.2597		3.3555		0.0215
2	9157.1129		3.3552		1.8317		0.0200
3	5414.8478		3.5536		1.8851		0.0348
4	4297.2508		5.3840		2.3203		0.0540
5	2588.8390		3.0035		1.7331		0.0669
6	2766.5065		4.0650		2.0162		0.0729
7	1625.7161		1.4899		1.2206		0.0751
8	1708.7790		1.8143		1.3469		0.0788
9	1104.9854		0.9002		0.9488		0.0859
10	282.9121		0.0713		0.2670		0.0944
11	86.8152		0.0079		0.0887		0.1021
12	42.3160		0.0021		0.0456		0.1078
13	17.5442		0.0004		0.0194		0.1107
Recoil
Bin	Wpt yield 		Cov_i_i		Err	Err/Wpt(%)
	 					
1	15620.2829		349.9912		18.7081		0.1198
2	9157.1129		70.7728		8.4127		0.0919
3	5414.8478		38.0378		6.1675		0.1139
4	4297.2508		45.8688		6.7727		0.1576
5	2588.8390		21.0770		4.5910		0.1773
6	2766.5065		27.8918		5.2813		0.1909
7	1625.7161		14.3622		3.7897		0.2331
8	1708.7790		28.7032		5.3575		0.3135
9	1104.9854		20.8424		4.5653		0.4132
10	282.9121		2.0644		1.4368		0.5079
11	86.8152		0.2572		0.5072		0.5842
12	42.3160		0.0726		0.2694		0.6366
13	17.5442		0.0135		0.1163		0.6630
FSR
Bin	Wpt yield 		Cov_i_i		Err	Err/Wpt(%)
	 					
1	15620.2829		8663.0924		93.0757		0.5959
2	9157.1129		2493.1414		49.9314		0.5453
3	5414.8478		910.6639		30.1772		0.5573
4	4297.2508		738.7775		27.1805		0.6325
5	2588.8390		348.8768		18.6782		0.7215
6	2766.5065		522.5598		22.8596		0.8263
7	1625.7161		245.0338		15.6536		0.9629
8	1708.7790		382.6356		19.5611		1.1447
9	1104.9854		224.4688		14.9823		1.3559
10	282.9121		19.4999		4.4159		1.5609
11	86.8152		2.2601		1.5034		1.7317
12	42.3160		0.6146		0.7840		1.8527
13	17.5442		0.1129		0.3360		1.9150
Statistic
Bin	Wpt yield 		Cov_i_i		Err	Err/Wpt(%)
	 					
1	15620.2829		19028.8076		137.9449		0.8831
2	9157.1129		4324.6034		65.7617		0.7181
3	5414.8478		1850.1867		43.0138		0.7944
4	4297.2508		2023.9873		44.9887		1.0469
5	2588.8390		946.0408		30.7578		1.1881
6	2766.5065		1169.6423		34.2000		1.2362
7	1625.7161		451.2435		21.2425		1.3067
8	1708.7790		632.1001		25.1416		1.4713
9	1104.9854		354.1321		18.8184		1.7030
10	282.9121		30.0438		5.4812		1.9374
11	86.8152		3.4273		1.8513		2.1325
12	42.3160		0.9217		0.9600		2.2687
13	17.5442		0.1683		0.4102		2.3382

Systematics
Bin		Statistic err		Lept Recon Effi Syst 				Smear Syst		Recoil syst		FSR Syst		Scale Syst
		 												
1		0.8831		0.0869		0.0215		0.1198				0.59590.0436
2		0.7181		0.0602		0.0200		0.0919				0.54530.0382
3		0.7944		0.0758		0.0348		0.1139				0.55730.0522
4		1.0469		0.1126		0.0540		0.1576				0.63250.0741
5		1.1881		0.1265		0.0669		0.1773				0.72150.0871
6		1.2362		0.1359		0.0729		0.1909				0.82630.0909
7		1.3067		0.1833		0.0751		0.2331				0.96290.0905
8		1.4713		0.2739		0.0788		0.3135				1.14470.0918
9		1.7030		0.3811		0.0859		0.4132				1.35590.0969
10		1.9374		0.4810		0.0944		0.5079				1.56090.1039
11		2.1325		0.5612		0.1021		0.5842				1.73170.1107
12		2.2687		0.6162		0.1078		0.6366				1.85270.1157
13		2.3382		0.6440		0.1107		0.6630				1.91500.1183



Systematics
Bin		Statistic err		Sqrt(LeptRecEff^2 +  Smear^2 +Recoil^2  +FSR^2+Scale^2) 
		 		
1		0.8831		0.6159
2		0.7181		0.5579
3		0.7944		0.5773
4		1.0469		0.6678
5		1.1881		0.7616
6		1.2362		0.8667
7		1.3067		1.0143
8		1.4713		1.2241
9		1.7030		1.4735
10		1.9374		1.7162
11		2.1325		1.9177
12		2.2687		2.0597
13		2.3382		2.1326



Systematics FSR stage yields as statistics
Bin		Statistic err		Sqrt(LeptRecEff^2 +  Smear^2 +Recoil^2 +FSR^2+Scale^2) 
		 		
1		0.8001		0.6159
2		1.0450		0.5579
3		1.3590		0.5773
4		1.5255		0.6678
5		1.9654		0.7616
6		1.9012		0.8667
7		2.4801		1.0143
8		2.4191		1.2241
9		3.0083		1.4735
10		5.9453		1.7162
11		10.7325		1.9177
12		15.3726		2.0597
13		23.8745		2.1326



Systematics Reco stage statistics
Bin		Statistic err		Sqrt(LeptRecEff^2 +  Smear^2 +Recoil^2 +FSR^2+Scale^2) 
		 		
1		1.3125		0.6159
2		1.2542		0.5579
3		1.4351		0.5773
4		1.5077		0.6678
5		2.0249		0.7616
6		2.0699		0.8667
7		2.6916		1.0143
8		2.6401		1.2241
9		3.3518		1.4735
10		6.8042		1.7162
11		12.2459		1.9177
12		17.8293		2.0597
13		25.4102		2.1326



Systematics Reco BinError/Yield as statistics
Bin		Statistic err		Sqrt(LeptRecEff^2 + Smear^2 +Recoil^2 +FSR^2+Scale^2) 
		 		
1		1.6843		0.6159
2		1.4402		0.5579
3		1.6966		0.5773
4		1.7077		0.6678
5		3.0308		0.7616
6		2.8245		0.8667
7		4.1444		1.0143
8		4.3389		1.2241
9		5.6367		1.4735
10		10.4981		1.7162
11		15.4737		1.9177
12		18.6725		2.0597
13		1.5852		2.1326
SVD_Born.uAdetCov  -  Response Matrix Systematics; 
Bin	Wpt yield 		Cov_i_i		Err	Err/Wpt(%)
==================================================================================================
1	15620.2829		350.3911		18.7187		0.1198
2	9157.1129		99.5847		9.9792		0.1090
3	5414.8478		36.9327		6.0772		0.1122
4	4297.2508		30.3327		5.5075		0.1282
5	2588.8390		14.3080		3.7826		0.1461
6	2766.5065		21.3164		4.6170		0.1669
7	1625.7161		10.3500		3.2171		0.1979
8	1708.7790		16.8364		4.1032		0.2401
9	1104.9854		10.1771		3.1902		0.2887
10	282.9121		0.9055		0.9516		0.3363
11	86.8152		0.1068		0.3268		0.3764
12	42.3160		0.0294		0.1713		0.4049
13	17.5442		0.0054		0.0736		0.4196
SVD_Born.uTotalCovMat
Bin	Wpt yield 		Cov_i_i		Err	Err/Wpt(%)
	 					
1	15620.2829		29353.2242		171.3278		1.0968
2	9157.1129		7204.6373		84.8801		0.9269
3	5414.8478		2941.9369		54.2396		1.0017
4	4297.2508		2961.8289		54.4227		1.2665
5	2588.8390		1388.0888		37.2571		1.4391
6	2766.5065		1816.0143		42.6147		1.5404
7	1625.7161		754.5480		27.4690		1.6897
8	1708.7790		1118.2166		33.4397		1.9569
9	1104.9854		647.8628		25.4531		2.3035
10	282.9121		56.1103		7.4907		2.6477
11	86.8152		6.4876		2.5471		2.9339
12	42.3160		1.7596		1.3265		3.1347
13	17.5442		0.3226		0.5680		3.2375
SVD_Born.uTauCov
Bin	Wpt yield 		Cov_i_i		Err	Err/Wpt(%)
	 					
1	15620.2829		9214.9348		95.9945		0.6146
2	9157.1129		2587.4655		50.8671		0.5555
3	5414.8478		923.3551		30.3868		0.5612
4	4297.2508		762.3921		27.6114		0.6425
5	2588.8390		366.7626		19.1510		0.7398
6	2766.5065		550.3526		23.4596		0.8480
7	1625.7161		259.4712		16.1081		0.9908
8	1708.7790		407.7284		20.1923		1.1817
9	1104.9854		238.9127		15.4568		1.3988
10	282.9121		20.6664		4.5460		1.6069
11	86.8152		2.3870		1.5450		1.7796
12	42.3160		0.6475		0.8047		1.9016
13	17.5442		0.1188		0.3446		1.9643
SVD_Born.uTotalCovMat + SVD_Born.uTauCov->Add( SVD_Born.uAdetCov);
Bin	Wpt yield 		Cov_i_i		Err	Err/Wpt(%)
	 					
1	15620.2829		29353.2242		171.3278		1.0968
2	9157.1129		7204.6373		84.8801		0.9269
3	5414.8478		2941.9369		54.2396		1.0017
4	4297.2508		2961.8289		54.4227		1.2665
5	2588.8390		1388.0888		37.2571		1.4391
6	2766.5065		1816.0143		42.6147		1.5404
7	1625.7161		754.5480		27.4690		1.6897
8	1708.7790		1118.2166		33.4397		1.9569
9	1104.9854		647.8628		25.4531		2.3035
10	282.9121		56.1103		7.4907		2.6477
11	86.8152		6.4876		2.5471		2.9339
12	42.3160		1.7596		1.3265		3.1347
13	17.5442		0.3226		0.5680		3.2375
Yields after FSR Unfolding and SF and bin-by-bin correction
1	15620.2829	0.9538	16377.4832
2	9157.1129	0.9541	9597.6497
3	5414.8478	0.9560	5664.3222
4	4297.2508	0.9561	4494.4932
5	2588.8390	0.9552	2710.2678
6	2766.5065	0.9605	2880.2009
7	1625.7161	0.9659	1683.1062
8	1708.7790	0.9725	1757.0410
9	1104.9854	0.9803	1127.2258
10	282.9121	0.9892	286.0099
11	86.8152	0.9849	88.1455
12	42.3160	0.9907	42.7148
13	17.5442	0.9915	17.6945
SVD Unfolding Systematic = SQRT(dUnf^2+FSRUnf_SVD^2)
1	0.1198
2	0.1090
3	0.1122
4	0.1282
5	0.1461
6	0.1669
7	0.1979
8	0.2401
9	0.2887
10	0.3363
11	0.3764
12	0.4049
13	0.4196
TotalError = 3.6992
TotalError = 3.2705
TotalError = 3.3342
TotalError = 3.3707
TotalError = 3.9200
TotalError = 4.0989
TotalError = 4.8681
TotalError = 4.8958
TotalError = 5.7878
TotalError = 11.5125
TotalError = 22.9789
TotalError = 29.4373
TotalError = 36.9206
