# 2010 Pythia/Powheg
#     bin      pT range     center      1/sigma*dsigma/dpT      (- error)       (+error) 
       1          0     2.5     1.25         0.02235400        -0.00014316       0.00014316 
       2          2.5   5.0     2.5          0.05174493        -0.00021737       0.00021737 
       3          5.0   7.5     6.75         0.05481679        -0.00022373       0.00022373 
       4          7.5   10.0    8.75         0.04554186        -0.00020393       0.00020393 
       5          10.0  12.5    11.25        0.03635185        -0.00018219       0.00018219 
       6          12.5  15.0    13.75        0.02887949        -0.00016239       0.00016239 
       7          15.0  17.5    16.25        0.02342429        -0.00014625       0.00014625 
       8          17.5  20.0    18.75        0.01891330        -0.00013142       0.00013142 
       9          20.0  30.0    25           0.01215069        -0.00005267       0.00005267 
      10          30.0  40.0    35           0.00647063        -0.00003843       0.00003843 
      11          40.0  50.0    45           0.00375604        -0.00002928       0.00002928 
      12          50.0  70.0    60           0.00189651        -0.00001471       0.00001471 
      13          70.0  90.0    80           0.00081956        -0.00000967       0.00000967 
      14          90.0  110.0   100          0.00037999        -0.00000659       0.00000659 
      15          110.0 150.0   130          0.00014702        -0.00000290       0.00000290 
      16          150.0 190.0   170          0.00004982        -0.00000169       0.00000169 
      17          190.0 250.0   220          0.00001823        -0.00000083       0.00000083  
      18          250.0 600.0   425          0.00000140        -0.00000010       0.00000010     
