#NNLO 8TeV/7TeV
#     bin      pT range     center      ratio           (- error)       (+error) 
      9		20	30	25	1.1648		0.00429951	0.0076893       
      10	30	40	35	1.17583		0.00426218	0.00765196
      11	40	50	45	1.18476		0.00424834	0.007934604
      12	50	70	60	1.197125	0.003484735	0.007273021
      13	70	90	80	1.210095	0.002720563	0.005974938
      14	90	110	100	1.22627		0.002990617	0.006709089
      15	110	150	130	1.24014		0.002116487	0.005446646	      
      16	150	190	170	1.2639425	0.001986637	0.006253763
      17	190	250	220	1.311413333	0.001904143	0.005439184
      18	250	600	425	1.48935		0.003540716	0.050741817
      
