#NNLO 8TeV/7TeV method2
#     bin      pT range     center      ratio           (- error)       (+error) 
      9		20	30	25	0.997810973	0.00368312      0.006586939 
      10	30	40	35	1.007259681	0.003651142	0.006554953
      11	40	50	45	1.014909451	0.003639286	0.006797076
      12	50	70	60	1.02550177	0.002985154	0.00623034
      13	70	90	80	1.036612354	0.002330535	0.005118354
      14	90	110	100	1.05046846	0.002561874	0.005747255
      15	110	150	130	1.062350018	0.001813061	0.004665799		      
      16	150	190	170	1.082740124	0.001701827	0.005357206
      17	190	250	220	1.123405404	0.001631159	0.004659407
      18	250	600	425	1.275832566	0.003033109	0.043467327
      
