#NNLO 8TeV
#     bin      pT range     center      1/sigma*dsigma/dpT      (- error)       (+error) 
      9		20	30	25	 0.010895642          -0.000326905      0.000326905
      10	30	40	35	 0.00582531	      -0.000229461      0.000229461
      11	40	50	45	 0.003484492	      -0.000163665      0.000163665
      12	50	70	60	 0.001843857	      -0.000101312	0.000101312
      13	70	90	80	 0.00082674	      -5.27875E-05      5.27875E-05
      14	90	110	100	 0.000402027	      -2.95233E-05      2.95233E-06
      15	110	150	130	 0.000174176	      -1.38728E-05	1.38728E-06	      
      16	150	190	170	 6.30453E-05	      -5.33E-06         5.33E-06
      17	190	250	220	 2.23623E-05	      -2.07154E-06	2.07154E-06
      18	250	600	425	 2.07649E-06	      -1.95756E-07      1.95756E-07
      
