3393995883.946
3338194061.477
3445461618.164
3380686481.760
3407087988.370
3369163677.746
3414815898.437
3334767303.662
3441580643.980
3377577830.320
3415456499.905
3364197887.027
3412233957.924
3335351150.236
3479268761.471
3391110787.497
3394354467.535
3377440385.248
3399552152.692
3376804481.951
3397161303.629
3392704888.261
3394058154.983
3430325130.655
3335413133.471
3399772232.858
3378904197.959
3386001416.469
3392846345.579
3379173379.825
3406376533.641
3381283504.069
3419356608.841
3362765692.006
3393311415.957
3394560564.110
3408261993.053
3399007955.325
3400252238.742
3419467153.995
3396923116.238
3400823504.691
3393328160.931
3383725078.344
3412342457.499
3409957734.317
3409068697.054
3407188048.016
3337031904.263
3391717459.063
3366220457.153
3396940364.982
3367298436.732
2061822583.546
2028955194.643
2092538777.385
2053849075.694
2069755719.220
2049705809.495
2072226493.903
2026843992.671
2090029225.877
2052136503.793
2074544492.073
2044607935.159
2072384147.670
2025863854.044
2114711120.404
2059499518.102
2062555415.995
2059291011.540
2062379751.009
2065304937.200
2058890638.126
2067150163.117
2057306461.107
2085669230.237
2024940226.133
2064978629.927
2053161697.902
2055071901.894
2062450184.061
2051977837.520
2069985337.832
2056924874.932
2074349300.658
2041156973.859
2062418061.879
2064350690.391
2070027913.285
2065858972.434
2064413080.038
2076819157.236
2064477334.530
2058970862.849
2067389708.404
2054003748.314
2074440097.221
2076036786.660
2064180251.946
2070915016.751
2026404955.139
2062968778.980
2041756879.729
2066143744.861
2044244667.226
1255725820.052
1235967915.018
1274178321.343
1250961143.448
1260572335.708
1248920125.824
1261450314.142
1234694648.817
1272695490.062
1249906527.599
1263393242.116
1245618508.509
1261912559.592
1233731800.788
1288150759.227
1254189023.034
1256222427.980
1255942394.147
1255326432.121
1261064370.244
1252571720.609
1260462190.716
1251852169.213
1270503907.491
1232952199.864
1257526775.693
1250736042.162
1251254726.314
1256327705.256
1249421575.054
1260782259.636
1253502972.953
1262441120.107
1242602460.953
1256363719.916
1257768522.567
1260550520.670
1258138412.022
1257050519.962
1264671541.068
1257580116.825
1252284567.062
1260431321.581
1250550880.210
1263679892.535
1265370944.403
1255382287.614
1261533190.376
1233859783.053
1256852642.884
1242726294.012
1258822699.729
1244773609.695
1605146478.067
1580225208.061
1628487934.731
1599071543.430
1611331224.921
1597139585.130
1611848041.449
1578179738.400
1627027070.016
1597612209.041
1614926693.616
1592932462.601
1612505057.504
1576952213.824
1646742372.847
1602938887.972
1605980464.683
1606396217.310
1604189177.897
1614812520.505
1599908597.003
1611621199.477
1599559222.831
1624229646.011
1575762115.673
1607034443.640
1599309604.108
1599200327.650
1605913131.939
1597051887.095
1611352696.328
1603358269.865
1612006950.432
1588183513.862
1606014191.569
1607669240.308
1611348191.316
1607689293.157
1606987023.093
1616621935.016
1607400888.798
1599704125.180
1611487666.996
1598047927.795
1615378500.414
1617271203.304
1604154488.121
1612835518.704
1576963606.259
1606466480.180
1588140109.795
1609470416.097
1590884473.229
611050682.874
601521027.366
619803054.774
608685114.273
613321366.560
607955707.243
613512156.509
600674150.701
619344571.208
608088969.121
614818800.289
606595152.606
613653304.693
600138758.779
627026386.779
610142387.405
611414383.872
611296544.307
610700880.444
614926777.680
608921400.547
613342486.056
609082892.204
618214490.777
599996284.996
611650639.658
608963056.445
608892230.924
611212578.404
608101948.614
613217566.969
610604785.805
613314216.486
604627595.997
611261009.587
611715020.355
613540043.714
611646992.350
611853574.254
615410893.725
611806179.439
609116018.192
613354244.705
608313590.986
614783047.131
615435899.241
611024195.131
614103144.881
600292034.966
611275915.181
604615165.361
612677034.304
605832043.312
342998681.055
337703012.011
347986830.325
341652483.399
344343362.664
341276041.895
344478389.691
337154506.036
347825878.011
341280304.696
345173942.275
340556574.877
344440793.977
336894578.519
352086902.090
342455425.636
343225796.722
343130558.956
343016355.981
345191751.739
341907422.410
344188535.220
342198023.056
347011321.690
336875044.900
343280481.304
341925680.834
341907351.361
343027692.090
341487868.964
344162542.305
342984734.703
344060318.702
339486675.562
343094614.294
343296896.272
344550395.974
343156853.001
343677591.045
345620330.761
343304570.643
342226206.479
344068376.259
341516487.374
345050915.725
345192361.250
343423194.024
344777755.115
336928794.278
342979668.725
339585351.887
343940505.189
340072516.401
326934085.533
321806177.872
331622419.436
325595300.635
328242162.332
325196965.855
328347076.854
321215018.350
331536267.085
325251546.510
329082074.180
324699115.458
328238221.822
320962990.286
335589605.310
326385275.449
327171054.365
326530077.510
327075232.817
328507851.086
326036018.114
327634194.950
326409233.538
330622494.502
321120343.219
327140445.802
325968116.745
325994002.607
326841305.817
325523486.847
327921111.263
326937544.280
327722888.901
323779270.324
326902314.279
326956820.621
328487139.323
326855838.987
327686630.459
329486201.152
327140180.063
326430021.669
327685938.667
325553262.867
328744044.549
328680604.002
327655393.092
328664715.928
321100628.688
326698475.746
323821926.146
327751509.076
324217031.769
185682675.048
182785708.199
188409780.084
184887629.962
186478197.011
184602714.882
186571425.467
182372425.871
188371282.226
184678470.047
186955506.746
184484451.762
186368623.195
182292267.479
190668877.645
185343525.117
185834056.294
184878979.512
185994943.064
185908220.880
185366829.646
185702162.762
185681790.170
187649046.850
182503625.383
185727805.601
185237874.219
185289518.783
185570697.823
185027180.947
186129547.165
185795564.437
185984451.012
183980787.589
185565244.766
185511657.969
186714400.669
185423934.649
186314921.831
187310479.940
185682440.947
185759162.131
185783770.665
184950232.164
186605249.564
186271376.398
186651310.082
186677747.594
182414291.714
185410896.518
184100056.238
186099933.428
184216103.165
41969402.213
41296097.674
42596904.913
41778748.777
42160308.081
41699391.048
42199144.314
41216485.219
42579779.404
41729067.908
42273161.817
41701986.617
42120668.687
41180797.870
43127875.630
41884799.118
42009561.163
41592081.325
42117204.970
41762100.330
41990613.535
41854717.038
42115622.513
42392857.995
41308118.575
41975209.341
41872137.635
41910558.915
41930567.365
41854170.683
42043309.088
41992014.228
42043693.113
41669815.964
41917252.342
41879867.394
42244920.044
41863014.443
42146071.870
42379885.483
41930238.361
42122528.752
41921064.963
41826834.367
42157401.636
42024668.092
42349780.771
42196013.797
41235729.406
41887459.516
41698811.017
42060540.428
41676305.796
13715036.727
13490161.623
13924663.444
13649643.583
13780564.871
13614274.104
13801136.579
13468343.436
13914654.529
13632384.632
13819470.420
13626697.299
13764766.971
13453676.158
14098883.560
13686056.641
13729050.480
13542063.132
13788640.831
13567643.412
13755894.506
13633383.081
13792800.190
13844938.362
13498829.443
13717457.474
13681208.573
13709336.144
13695354.924
13687216.332
13731507.162
13713229.453
13748678.218
13625014.731
13687773.863
13667951.249
13817905.741
13669346.804
13782793.179
13860867.816
13692836.555
13829332.299
13665863.751
13678829.529
13765427.942
13703268.654
13906102.670
13787977.512
13479322.737
13677157.190
13638582.645
13737238.248
13631052.113
6226530.832
6122535.460
6323481.544
6195460.131
6257691.617
6175212.405
6270510.957
6111785.295
6319594.083
6187023.723
6276368.366
6186557.694
6248839.549
6106164.757
6403168.474
6212591.177
6233404.216
6122156.150
6271094.871
6122948.284
6258652.789
6169243.409
6279943.160
6279256.201
6134915.820
6226846.066
6211850.088
6233474.784
6211739.359
6221470.462
6228077.839
6226341.715
6240313.365
6195386.262
6208440.778
6193342.701
6281455.657
6197972.670
6263970.562
6300995.073
6209408.507
6287329.949
6185718.835
6215853.443
6243260.610
6200384.156
6330380.755
6260746.246
6121033.699
6200148.822
6203293.050
6233436.131
6194697.062
2707852.151
2661710.444
2750873.806
2694222.790
2721506.302
2683966.988
2728323.753
2657741.559
2748260.492
2689460.767
2731040.697
2690248.274
2717570.441
2654324.339
2786837.317
2701025.710
2711478.754
2661599.039
2727591.509
2660259.374
2722721.380
2678733.510
2735373.659
2729006.070
2670389.835
2708677.086
2699848.943
2713545.436
2699333.758
2707536.872
2706946.519
2706997.386
2714648.411
2696743.490
2698516.233
2690699.647
2734715.317
2694506.863
2724789.578
2742712.110
2699177.427
2739338.794
2685227.002
2704873.100
2713034.229
2691848.919
2759239.674
2724329.739
2661906.210
2692732.093
2699699.134
2710012.319
2695354.286
