1674955962.453
1653747180.058
1694701412.886
1664640194.822
1685367730.657
1668845446.827
1680262518.461
1644252756.964
1701776401.452
1672661616.873
1677666107.813
1668689474.673
1678871641.008
1648892966.536
1710612854.024
1675115742.286
1673816011.116
1656613973.329
1682931331.080
1668695240.660
1675362200.584
1662174340.083
1685402864.834
1684200085.467
1651011919.096
1678793370.913
1665925481.498
1672159723.408
1674413397.481
1671277099.518
1677859104.165
1679591573.573
1673255234.240
1669444427.947
1669064731.779
1658386096.800
1687488306.400
1681005250.321
1673343201.526
1698878073.053
1657464732.033
1677761695.843
1674662759.970
1678740283.729
1673258969.163
1672265485.122
1694339831.113
1675442738.411
1649814492.348
1671497250.885
1666399371.035
1677299986.115
1665317914.653
986183458.565
973598312.204
997946496.590
980358249.774
992121336.934
983036678.500
988956538.639
968460615.443
1001540784.368
984703681.550
987952681.558
982414073.910
988527309.015
970604796.991
1007865539.224
986305480.071
985483839.085
978178838.880
989687662.786
986481421.367
984879600.004
980900576.550
990329259.436
992516806.343
971397723.461
988284598.498
981131185.441
983830755.547
986177160.079
983668725.359
988194838.752
989297974.636
984856848.405
981986169.574
983126476.415
977778512.178
993207407.842
990156819.239
984712840.367
999816981.983
976817903.855
985518120.020
987610999.813
987596340.980
985953060.588
986164424.905
995158919.966
987030690.421
971042105.780
984886484.895
979794139.624
988309154.319
979903732.320
589003885.430
581412716.263
596049415.049
585586012.775
592454852.413
587298048.179
590507584.603
578507844.237
598073517.215
588084204.742
590093443.638
586717080.603
590408837.726
579615806.893
602151750.516
589060785.109
588572313.807
584941856.364
590796508.608
590274555.566
587844746.921
586590845.458
590985987.678
593042063.460
580070359.885
590220243.725
586037534.942
587450623.922
589121086.226
587368101.345
590289623.032
590999728.770
588109507.049
586317030.326
587368043.582
584314996.117
593164164.845
591500710.004
587988729.052
597083024.449
583671727.308
588022990.344
590413008.393
589589323.885
589163255.489
589549164.428
593797930.035
589670111.847
579775838.222
588447479.446
584868418.232
590490486.929
585057373.859
746507563.717
736747028.356
755389527.666
742305333.747
750663002.390
744361461.969
748294310.485
733172342.679
757658545.046
745231996.678
747964895.915
743660683.302
748252409.755
734453317.760
763057717.366
746605839.165
745971693.189
741835424.389
748431282.936
748455931.114
744665901.049
743716449.589
748518771.987
751695548.833
735043986.709
748002450.297
742822934.193
744415193.751
746639374.442
744382255.379
748009564.251
749004858.255
745294809.827
742913011.518
744441824.562
740691903.088
751566904.638
749761054.326
745041671.036
756600870.602
739868164.474
744782454.580
748318130.747
747080276.952
746696128.553
747186389.505
751847738.779
747461102.102
734761312.966
745819323.678
741008411.691
748559760.616
741280803.341
278762765.576
275098191.248
282163839.882
277201040.080
280350278.125
277905936.250
279528470.636
273825048.991
282942582.186
278268155.849
279366765.997
277668947.181
279428123.008
274244044.547
285114127.454
278872755.179
278492089.138
277041602.597
279603001.793
279485661.334
278230620.066
277731043.829
279650094.552
280743017.206
274537485.974
279321571.008
277381519.579
278086212.189
278765964.213
278035326.717
279360609.514
279724922.135
278398970.546
277506331.147
277984170.310
276600720.765
280837518.111
280002339.541
278277105.783
282674452.258
276280100.190
278300151.265
279477771.974
279052589.889
278794237.132
279018652.258
280969600.075
279196927.865
274400155.991
278485386.939
276765545.289
279579468.316
276869551.150
155926494.202
153787854.200
157914610.091
155072692.886
156793276.214
155372758.701
156431494.737
153238516.170
158283041.108
155601440.799
156325492.243
155303974.090
156301147.891
153376694.796
159571486.794
156017441.416
155745554.638
154892102.920
156438073.051
156136782.720
155753752.205
155328978.867
156547792.351
157068002.854
153653634.639
156238623.891
155147284.554
155646143.485
155914852.034
155599337.146
156215592.067
156436255.059
155785824.791
155328880.500
155477746.591
154747489.771
157149260.053
156647983.058
155606735.390
158179117.991
154567335.023
155804285.075
156206248.041
156143101.044
155939387.670
155978532.114
157365745.286
156203238.412
153539155.797
155730724.268
154940010.220
156400947.026
154942092.906
152182876.880
150137502.236
154138913.164
151408105.845
153029742.574
151662334.991
152710772.216
149519006.407
154522535.711
151928022.376
152568862.387
151637779.080
152547711.650
149716211.347
155748451.237
152293918.997
152015635.743
151103330.895
152679634.793
152262419.540
152026196.054
151529574.169
152819156.209
153250856.722
149988535.703
152494211.773
151440319.694
151903892.131
152197830.738
151842766.583
152490075.308
152733846.752
152027367.993
151607249.780
151770658.262
150994666.540
153394874.708
152853498.086
151936599.726
154455626.239
150794684.458
152097785.545
152439914.449
152460359.085
152129362.020
152169834.974
153682142.939
152479338.279
149872906.098
151987433.902
151201856.649
152678390.608
151217423.524
89273775.880
88009771.644
90449042.278
88782011.816
89772525.835
88882357.546
89610399.637
87685161.845
90645462.574
89077762.540
89514712.415
88917180.753
89488293.147
87756401.884
91381682.968
89364191.334
89134064.836
88472911.164
89632297.668
89048265.291
89265114.138
88754510.342
89749843.681
89867436.263
87979632.937
89456611.316
88819119.976
89138378.818
89221860.653
89078635.748
89419888.221
89538670.437
89193902.001
88965203.536
88961931.604
88517966.155
90034911.372
89645269.177
89134900.414
90674652.727
88426690.691
89314499.812
89296895.784
89445127.998
89196391.561
89147023.365
90287391.067
89429093.688
87885341.138
89090010.187
88743328.412
89549331.324
88704938.222
20531907.050
20233638.593
20809298.221
20417882.000
20647432.942
20430142.039
20619553.043
20166780.282
20838844.043
20484993.774
20589554.383
20450038.273
20581035.417
20173778.662
21039590.197
20560983.780
20492036.154
20267256.939
20646189.024
20366401.747
20570122.505
20361166.670
20683793.500
20663362.054
20246378.778
20572801.167
20429667.537
20514426.296
20513575.623
20492628.291
20561399.342
20587052.536
20521531.914
20485469.600
20446387.935
20334557.122
20727221.481
20607621.865
20509782.106
20875531.116
20318529.713
20588384.493
20506394.090
20587290.843
20497357.029
20464984.592
20831793.371
20572178.543
20217090.784
20480254.603
20433566.009
20599333.496
20415859.048
6102843.786
6011076.420
6188211.406
6068724.326
6137371.429
6067797.200
6133042.821
5994583.124
6193273.874
6087629.862
6121591.236
6078055.151
6117667.865
5993916.627
6257831.180
6114316.291
6088326.878
6003732.758
6145437.256
6019934.168
6126928.222
6034659.560
6164169.544
6138190.905
6023200.481
6114660.950
6073043.786
6105057.994
6092716.706
6094172.099
6109347.214
6115731.212
6104032.525
6098482.785
6071931.085
6036503.971
6168144.494
6121106.212
6100627.212
6212545.208
6034603.112
6139225.544
6078485.096
6125853.519
6085593.740
6065834.287
6217417.137
6116134.664
6010574.690
6078440.712
6083654.598
6121265.006
6072685.339
3287758.965
3236982.013
3335001.266
3269057.020
3306662.396
3265772.045
3306747.088
3230141.785
3335452.822
3279483.474
3297991.562
3274080.274
3296009.336
3227217.153
3374639.540
3295773.102
3278263.802
3225285.877
3314602.433
3230221.859
3305437.740
3242768.673
3329002.026
3303972.169
3249270.913
3293963.902
3272195.388
3292190.033
3280369.659
3282922.332
3291562.409
3293963.655
3289819.927
3289349.194
3269202.246
3248896.529
3326939.093
3293782.899
3290656.743
3351267.694
3248396.922
3313198.948
3269915.653
3303772.862
3274868.346
3260411.077
3360996.260
3296512.952
3239321.949
3272550.351
3280906.520
3299039.818
3275387.918
1523864.570
1499420.212
1546618.697
1514831.736
1532995.936
1512077.984
1534064.954
1497371.763
1545685.560
1519594.837
1529154.591
1517410.861
1527733.963
1495271.517
1564907.015
1528201.799
1518866.301
1486272.041
1539910.835
1483104.920
1537416.526
1496781.980
1548583.810
1530328.203
1507276.366
1526621.729
1516840.225
1528066.466
1519312.750
1523232.492
1524411.942
1525247.286
1526453.904
1527627.946
1513473.935
1503331.597
1543915.502
1525998.082
1525884.122
1555169.528
1504202.140
1542235.396
1510596.835
1532827.556
1516303.949
1506592.356
1565176.191
1527570.531
1502007.190
1515194.316
1523920.963
1528113.996
1519662.342
