1954508362.45850
1920868744.73975
1985888821.80127
1947183359.68408
1961752436.58691
1935116400.00049
1971177470.35742
1922930762.59375
1979066754.27393
1942530989.91895
1969744675.45361
1942135115.11523
1961527087.67578
1917777694.22217
2009699855.62842
1953944565.52246
1953389122.94922
1972051514.13525
1947993762.56860
1984372670.02539
1943743488.77930
1959744529.83789
1952481428.74414
1974044955.61963
1925895630.91699
1956070221.33838
1947951516.70361
1944691749.55615
1956627633.09375
1951430316.93604
1956306638.74854
1955096501.38086
1959375005.81396
1938966831.62354
1953429578.42236
1952274594.09375
1968843849.51758
1963407157.34229
1950397876.72656
1975022921.79639
1953651424.18750
1942298911.75708
1967010437.02539
1945845673.50977
1965445518.33789
1969896323.95898
1954596034.01318
1966418130.59717
1922910103.75000
1954348102.04834
1931534914.20020
1962862843.44971
1941953698.62451
1197107711.48096
1177272056.93555
1215610221.25879
1192890638.94580
1201272730.56543
1186890352.47803
1205882251.95557
1178595923.22998
1211401132.13916
1190259968.92334
1205811512.68408
1189780059.88721
1201267786.19775
1174722380.97900
1230857703.47266
1196627935.14844
1196578694.27979
1208136994.95117
1193202072.64258
1217356443.07031
1189826264.05249
1201974057.92285
1194465355.90234
1210186375.93994
1178586191.83252
1198056795.24219
1193189310.52246
1191085078.75732
1198418363.59863
1194654700.95020
1198650858.61328
1198156801.84961
1199336332.94629
1187230171.92334
1196597069.48438
1196297154.52002
1205743507.96045
1202541921.50342
1194525630.57910
1209072975.86084
1197067790.19238
1188772517.46533
1205340867.62988
1191769717.43848
1203799018.83984
1206857942.91309
1196207499.84399
1204855884.57910
1177315998.73438
1197311100.11182
1182765859.85791
1202702004.25977
1189035433.46631
742059265.20654
730155806.16211
753161841.02051
739554945.45459
744531143.17139
736526210.78467
746807137.79150
730979604.58447
750570083.53662
738060209.77002
747134847.00732
737679390.03613
744543265.01562
728259047.90283
762902310.67773
741683558.29102
741817478.06738
748550164.36621
739880514.60278
754955113.77637
737421596.30664
745582569.70459
739989610.47314
750618851.89941
730160233.52051
742622718.17871
739710314.11768
738432474.03857
742820144.28076
740350173.05566
743159897.94727
743086072.59521
743004959.10303
735938494.07373
741710755.62939
741666132.49365
747412922.10107
745317371.13916
740505661.71045
749300851.81885
742125439.65625
736748435.99243
747217399.54932
738810977.92285
746113498.21094
747965208.89697
741453173.34375
747029258.53857
729612053.69727
742246005.64014
733206093.42871
745737316.29150
736921785.46387
963398621.52393
948271678.40771
977507209.94092
960247800.72266
966507561.52246
956817452.48389
969042730.70654
949343513.77441
974167842.91992
958414070.46338
969721538.62939
957830501.89648
966558469.41553
945616205.14746
990261131.83691
962848394.65332
963154994.81055
971135951.19482
960919442.00537
979690294.57861
957542368.22754
968116925.30762
960560732.80518
974861631.58398
947601401.66016
964138256.87598
960367482.63281
958893190.87061
964281199.14551
961072909.83545
964916133.86865
964883285.47900
964435005.13477
955547582.71387
962868365.12500
962904944.32324
970329059.83301
967554482.17676
961411410.70068
972625859.66699
963532301.56689
956764152.60889
969842708.24805
959285560.03662
968537976.43213
970802111.35938
962775081.69849
969886241.55225
947138060.91455
963626067.63770
952093382.43359
968208348.60742
956616842.85840
374629270.50098
368827105.73535
380040260.77637
373406295.26514
375836839.88525
372168263.76807
376740014.04150
369219403.39746
378776269.09082
372745938.40234
377015167.40479
372518802.50928
375825373.78076
367752648.70898
385006280.52393
374400996.14502
374549331.81836
377061458.06104
373917700.14990
380330499.13965
372572099.86377
376217282.25830
373728768.84570
379072842.31250
368488796.55029
374912127.96777
373463221.01221
373019584.28613
374897655.44189
373758251.63379
375194326.58594
375262591.05322
374951444.15039
371742918.02686
374322980.82031
374294508.41064
377392797.69238
376135796.24170
373942546.51660
378293372.93359
374558290.48682
372350163.21704
376876109.00195
373145750.12988
376499135.10156
377190629.22412
374786781.83740
377126167.98633
368319679.24316
374633732.11377
370425132.94727
376483731.32666
372029982.64600
219043784.80029
215661276.09326
222198050.80420
218327797.49170
219751068.74316
217604868.23193
220278020.13623
215873928.83545
221479598.77637
217959362.75830
220417361.30078
217820467.41699
219738043.58008
215046161.04688
225066418.57666
218925233.58203
218984188.28760
220385376.09766
218659155.34033
222263746.15527
217879921.87915
219909245.77979
218563029.93848
221610417.35889
215472612.61523
219216413.60254
218351683.72754
218135074.52979
219181620.00879
218514069.07910
219390235.69434
219396635.60156
219249410.98389
217385239.71826
218850119.75049
218824998.12646
220649455.11377
219895464.05176
218674986.58936
221201038.78809
218963719.27393
217777499.24609
220301157.33203
218241415.89404
220071795.75195
220498115.54053
219184979.19897
220467943.81445
215372835.84766
219025649.62158
216622798.46680
220120639.23535
217519006.52686
225216151.72803
221721059.56250
228475163.08691
224458318.67578
225965672.51953
223668889.91260
226544422.40381
221925031.53027
227752505.89648
224098573.25146
226631414.95898
223962206.28906
225928123.53613
221099996.86523
231406986.58936
225103429.45605
225145528.10498
226209283.42871
224974559.97363
227975431.53271
224211664.29419
225813367.34375
224973709.61279
227769205.20703
221620714.13770
225399168.36279
224492315.28271
224378552.15918
225303922.83594
224717920.16602
225538827.62012
225547042.98535
225458468.73193
223625077.14014
224951891.69092
224857913.87402
226937376.53809
226018697.97656
224907829.20215
227536215.91016
225024109.90137
224179863.75000
226294088.44531
224478403.62402
226184593.81543
226492595.80371
225680593.53833
226649662.38525
221475641.36719
225120707.68359
222868029.24268
226275453.37744
223712726.80518
141651886.04150
139449932.09619
143704723.04492
141149867.73584
142149530.99951
140632622.83984
142528105.29150
139549901.04102
143281018.85938
140958756.47510
142528307.47949
140879527.04980
142090355.37354
139060666.97363
145535617.26904
141595035.93018
141593652.16162
141771288.06689
141706138.45752
142721205.96289
141251539.82886
141701798.42920
141777337.91699
143164914.35449
139469473.76416
141756844.74902
141214711.78467
141225148.41650
141657480.60742
141371402.69482
141831224.42041
141851366.62109
141806339.04297
140780560.79736
141411497.19727
141290690.81543
142799831.15723
142032891.45898
141574982.90039
143219101.13623
141405908.75244
141292116.54370
142094934.06348
141287647.94873
142157770.06885
142189639.00195
142324423.17456
142515788.88574
139335807.40479
141508670.63184
140347309.24854
142278137.07910
140773872.63916
35345770.95361
34791999.49756
35861954.54004
35210103.34424
35480643.06104
35074328.52002
35579464.60693
34815644.36914
35757951.32764
35177515.91113
35558528.21631
35154145.85205
35455326.89746
34691625.96191
36323282.38721
35340024.18896
35323625.22705
35197547.97314
35431705.08984
35370376.43896
35330666.53638
35234910.31055
35485844.35352
35695022.95068
34827449.17432
35374498.83350
35233189.41943
35274431.91260
35329595.49170
35282269.08887
35387258.66064
35378013.37891
35404401.80078
35175541.39404
35258285.15088
35201112.55273
35665125.23633
35407273.10596
35361375.66064
35774968.64990
35243783.49219
35365366.62720
35368864.58350
35299434.97314
35427924.59570
35392784.09619
35638644.53589
35553870.31396
34778720.45654
35279385.64990
35081776.77002
35484446.33984
35156832.50000
11613788.92871
11428200.78027
11786759.24951
11566981.05811
11660401.99414
11514604.46875
11699286.16504
11431554.30029
11757130.41016
11556722.50488
11685876.17383
11551075.43457
11649554.53857
11399643.97021
11931874.86328
11613578.91357
11604717.07959
11533233.70898
11654060.89453
11571917.25439
11626145.32227
11551005.45996
11681172.04980
11716835.54590
11452812.68018
11622292.42188
11577902.39600
11599289.44385
11603195.05762
11597619.32471
11623721.06152
11622317.21191
11634486.36865
11566026.44092
11580586.81396
11556814.06738
11720924.91553
11623975.77148
11628800.60693
11764921.48828
11568824.50049
11644786.75098
11601726.67383
11605856.04395
11633281.51025
11608921.39893
11741267.69336
11675990.94043
11431947.65869
11584333.75391
11539634.00439
11654999.76221
11555160.01953
6096821.87744
5999222.68457
6187734.78174
6068932.03809
6124715.82227
6040044.63916
6145846.99658
5997884.15625
6175549.86719
6068802.14404
6132100.18066
6065570.24316
6114762.22705
5983549.01074
6263811.46875
6098052.90137
6090817.43750
6020811.81934
6131834.56396
6034974.78271
6116659.31543
6036967.64209
6155739.41797
6140221.11182
6021580.52197
6101791.24902
6077122.75879
6095663.49756
6088028.50977
6088845.64941
6101892.11230
6101634.51025
6107043.72021
6083289.88330
6073039.29639
6052740.83252
6160245.67041
6092293.93701
6114423.87305
6186934.95020
6060629.77441
6131217.31641
6075683.88086
6103526.96289
6096147.73438
6074639.58691
6191859.82080
6126727.04150
6004824.30859
6074668.87988
6069864.57227
6116819.01074
6073276.02979
2910823.17090
2862797.29443
2955566.39502
2897264.50684
2924370.59717
2881252.70508
2936381.89307
2863934.88916
2947797.37646
2896395.15186
2929004.71240
2895460.50098
2919596.41406
2855013.04688
2993578.68262
2912092.49170
2907274.73486
2846107.47119
2939070.65527
2838938.21826
2935463.50684
2865969.48047
2953553.06299
2930351.83154
2877048.97607
2913263.22705
2901174.10791
2917240.69580
2902831.68799
2910455.58789
2910693.82568
2910070.29199
2919108.67480
2910367.21436
2895772.50000
2883706.98340
2946497.00879
2904791.10596
2922786.12207
2959639.40430
2889258.59473
2945925.56152
2885846.08740
2918366.74023
2905906.06006
2886145.71680
2976917.10791
2925732.35645
2867695.16943
2896256.72363
2907300.89697
2917430.17334
2903835.48096
