# 2010 Pythia/Powheg
#     bin      pT range     center      1/sigma*dsigma/dpT      (- error)       (+error) 
       1          0     2.5     1.25         0.02422751        -0.00022969         0.00022969
       2          2.5   5.0     2.5          0.05289289        -0.00033938         0.00033938
       3          5.0   7.5     6.75         0.05628117        -0.00035008         0.00035008
       4          7.5   10.0    8.75         0.04548266        -0.00031471         0.00031471
       5          10.0  12.5    11.25        0.03594931        -0.00027979         0.00027979
       6          12.5  15.0    13.75        0.02782048        -0.00024613         0.00024613
       7          15.0  17.5    16.25        0.02210875        -0.00021942         0.00021942
       8          17.5  20.0    18.75        0.01817608        -0.00019895         0.00019895
       9          20.0  30.0    25           0.01171363        -0.00007985         0.00007985
      10          30.0  40.0    35           0.00644122        -0.00005922         0.00005922
      11          40.0  50.0    45           0.00383250        -0.00004568         0.00004568
      12          50.0  70.0    60           0.00192823        -0.00002291         0.00002291
      13          70.0  90.0    80           0.00082502        -0.00001499         0.00001499
      14          90.0  110.0   100          0.00038407        -0.00001022         0.00001022
      15          110.0 150.0   130          0.00015964        -0.00000466         0.00000466
      16          150.0 190.0   170          0.00004886        -0.00000258         0.00000258
      17          190.0 250.0   220          0.00001896        -0.00000131         0.00000131 
      18          250.0 600.0   425          0.00000159        -0.00000016         0.00000016    
