#NNLO 8TeV
#     bin      pT range     center      1/sigma*dsigma/dpT      (- error)       (+error) 
      9		20	30	25	 0.010946908          -0.000260501      0.00031118
      10	30	40	35	 0.005861624	      -0.00013212       0.00015371
      11	40	50	45	 0.00351576	      -7.60136E-05      8.64209E-05
      12	50	70	60	 0.00186525	      -3.86252E-05	4.26788E-05
      13	70	90	80	 0.000836974	      -1.65916E-05      1.75198E-05
      14	90	110	100	 0.000406356	      -7.78994E-06      8.01257E-06
      15	110	150	130	 0.000176403	      -3.33908E-06	3.36195E-06	      
      16	150	190	170	 6.37816E-05	      -1.20556E-06      1.27319E-06
      17	190	250	220	 2.25044E-05	      -3.89959E-07	4.68827E-07
      18	250	600	425	 2.08287E-06	      -4.13802E-08      5.67557E-08
      
