#NNLO 8TeV
#     bin      pT range     center      1/sigma*dsigma/dpT      (- error)       (+error) 
      9		20	30	25	 0.01060564           -0.000375641    0.000375641
      10	30	40	35	 0.00561709	      -0.000248085    0.000248085
      11	40	50	45	 0.0033346	      -0.00016905     0.00016905
      12	50	70	60	 0.00174737	      -0.00010277     0.000102777
      13	70	90	80	 0.00077495	      -5.35073E-05    5.35073E-05
      14	90	110	100	 0.00037202	      -2.82205E-05    2.82205E-05
      15	110	150	130	 0.00015942	      -1.38055E-05    1.38055E-05	      
      16	150	190	170	 5.663E-05	      -5.3371E-06     5.3371E-06
      17	190	250	220	 1.9415E-05	      -1.83551E-06    1.83551E-06
      18	250	600	425	 1.6882E-06	      -1.59978E-07    1.59978E-07
      
