#NNLO 8TeV
#     bin      pT range     center      1/sigma*dsigma/dpT      (- error)       (+error) 
      9		20	30	25	 0.010636754		-0.000250732	0.000295196          
      10	30	40	35	 0.005647726	 	-0.000125629    0.000144172  
      11	40	50	45	 0.003357566		-7.13757E-05    8.00342E-05
      12	50	70	60	 0.001762427		-3.57953E-05    3.87225E-05
      13	70	90	80	 0.000783482		-1.515E-05      1.58967E-05	
      14	90	110	100	 0.000374789		-7.074E-06      7.15891E-06
      15	110	150	130	 0.000160706      	-3.0396E-06  	3.06402E-06	      
      16	150	190	170	 5.68331E-05		-1.0793E-06     1.15896E-06
      17	190	250	220	 1.94272E-05            -3.74872E-07    4.17825E-07
      18	250	600	425	 1.67506E-06		-3.36917E-08    4.69342E-08
      
