     1.25         -51.8805         0.879084
     1.25         -52.6892         0.854945
     1.25         -52.8433         0.861003
     1.25         -51.5732         0.875281
     1.25         -50.2189         0.870385
     1.25         -54.1818         0.865009
     1.25         -53.1777         0.855613
     1.25         -51.3344         0.879821
     1.25         -52.0936         0.868648
     1.25         -52.3746         0.866869
     1.25         -51.8007         0.850401
     1.25         -52.5604          0.88008
     1.25         -51.9536         0.870679
     1.25         -52.5614         0.864482
     1.25         -52.1675         0.862805
     1.25         -52.5905         0.878978
     1.25         -51.2919         0.878492
     1.25         -52.7632         0.861513
     1.25         -54.2812         0.881889
     1.25         -51.2725          0.86566
     1.25          -50.798          0.87267
     1.25         -55.4991         0.883306
     1.25         -52.4856         0.869641
     1.25         -52.2017          0.86543
     1.25         -53.3266         0.867047
     1.25         -52.0158         0.866779
     1.25         -51.9814         0.866415
     1.25         -52.7508         0.869131
     1.25         -50.9207         0.874012
     1.25         -55.6682         0.880698
     1.25         -54.4172         0.887121
     1.25         -53.5738         0.883036
     1.25         -52.3983         0.869136
     1.25         -52.1828         0.866454
     1.25         -53.4508         0.875547
     1.25         -53.2555         0.881534
     1.25          -52.118         0.865077
     1.25         -52.4732         0.869672
     1.25         -53.7485         0.882057
     1.25         -53.5865         0.882817
     1.25         -53.5265         0.885452
     1.25          -53.137         0.874837
     1.25          -52.838         0.881313
     1.25         -51.7499         0.876691
     1.25         -52.4653         0.870118
     1.25         -52.0538         0.865364
     1.25         -52.0154         0.867234
     1.25         -52.6888         0.861623
     1.25         -51.5641         0.855225
     1.25         -52.2782         0.867404
     3.75           124.87         0.484042
     3.75          120.413         0.471059
     3.75           121.36         0.474483
     3.75          124.373         0.481785
     3.75          123.075         0.479014
     3.75          122.466         0.476787
     3.75          120.477         0.471591
     3.75          125.053         0.484263
     3.75          122.951         0.478351
     3.75          122.611         0.477514
     3.75          119.071         0.469114
     3.75          125.473         0.484098
     3.75          123.576         0.479462
     3.75          121.944          0.47624
     3.75          122.105         0.474719
     3.75          124.672         0.484854
     3.75          125.176         0.484267
     3.75          121.433         0.474274
     3.75          125.597         0.486427
     3.75          122.438         0.476383
     3.75          123.916         0.480182
     3.75          125.988          0.48756
     3.75          123.244         0.479238
     3.75          122.292         0.476557
     3.75          122.448         0.477477
     3.75          122.684         0.477497
     3.75          122.498         0.477222
     3.75          123.089         0.478698
     3.75          124.323         0.481564
     3.75          125.272         0.485548
     3.75          126.555         0.489403
     3.75          126.181         0.486619
     3.75          123.097         0.478691
     3.75          122.504         0.477247
     3.75          124.622         0.482149
     3.75          125.395         0.486259
     3.75          122.104          0.47669
     3.75          123.309          0.47876
     3.75          125.574         0.486114
     3.75          126.122         0.486831
     3.75           126.34          0.48772
     3.75          124.481         0.482551
     3.75          125.532         0.485888
     3.75          124.419         0.482451
     3.75          123.213         0.479373
     3.75          122.348         0.476511
     3.75          122.904         0.477844
     3.75           121.37         0.474477
     3.75          119.966         0.471406
     3.75          122.958         0.478538
     6.25          77.8923         0.237651
     6.25          75.5098         0.231703
     6.25          76.0728         0.233319
     6.25           77.558         0.236559
     6.25          76.8323         0.235154
     6.25          76.6969         0.234507
     6.25          75.6026         0.232042
     6.25           77.931         0.237655
     6.25          76.8489         0.235017
     6.25          76.6949         0.234675
     6.25          74.8749          0.23085
     6.25          78.1344         0.237631
     6.25          77.1382         0.235498
     6.25          76.3844         0.234125
     6.25          76.3366         0.233305
     6.25          77.8912         0.238147
     6.25          78.0059         0.237707
     6.25          76.0747         0.233195
     6.25          78.4276         0.238995
     6.25          76.4984         0.234011
     6.25          77.2484         0.235721
     6.25          78.6945         0.239619
     6.25          77.0409         0.235498
     6.25          76.5055         0.234197
     6.25          76.6729         0.234734
     6.25          76.7011         0.234627
     6.25          76.6144         0.234502
     6.25          76.9565         0.235241
     6.25          77.4815         0.236376
     6.25           78.327         0.238712
     6.25          78.9611          0.24039
     6.25          78.6091          0.23895
     6.25           76.946         0.235214
     6.25          76.6257         0.234527
     6.25          77.7497         0.236832
     6.25          78.3023         0.238876
     6.25          76.4476         0.234311
     6.25          77.0238         0.235202
     6.25          78.3786         0.238807
     6.25          78.5896          0.23904
     6.25          78.7367          0.23949
     6.25          77.7143         0.237048
     6.25          78.3076          0.23863
     6.25          77.6113         0.236863
     6.25           77.027         0.235536
     6.25          76.5224         0.234175
     6.25          76.8006         0.234766
     6.25          76.0644         0.233311
     6.25          75.3145          0.23183
     6.25          76.8689         0.235106
     8.75          53.2536         0.152988
     8.75          51.7482         0.149384
     8.75          52.1267         0.150398
     8.75          53.0149         0.152285
     8.75          52.5475         0.151328
     8.75          52.5304          0.15122
     8.75          51.8288         0.149672
     8.75           53.256         0.152905
     8.75          52.5875         0.151368
     8.75           52.501         0.151198
     8.75          51.3835         0.148913
     8.75          53.3718         0.152933
     8.75          52.7528         0.151631
     8.75          52.3227         0.150899
     8.75          52.2411         0.150338
     8.75          53.2918         0.153323
     8.75            53.31         0.153006
     8.75          52.1104         0.150296
     8.75          53.6438         0.153951
     8.75          52.3385           0.1507
     8.75          52.7968         0.151709
     8.75          53.8327         0.154391
     8.75          52.7223         0.151724
     8.75           52.374         0.150875
     8.75          52.5096         0.151277
     8.75          52.4928          0.15114
     8.75          52.4432         0.151068
     8.75          52.6673         0.151547
     8.75            52.95         0.152131
     8.75          53.6062         0.153838
     8.75          53.9893         0.154797
     8.75          53.7082         0.153841
     8.75          52.6555          0.15152
     8.75          52.4531         0.151089
     8.75          53.1567         0.152512
     8.75          53.5599          0.15385
     8.75          52.3533         0.150978
     8.75          52.6921         0.151489
     8.75          53.5991         0.153807
     8.75          53.7018         0.153878
     8.75          53.8046         0.154174
     8.75          53.1521          0.15267
     8.75          53.5377         0.153666
     8.75          53.0609         0.152461
     8.75          52.7147         0.151715
     8.75          52.3798         0.150873
     8.75          52.5495          0.15121
     8.75          52.1134         0.150378
     8.75          51.6458         0.149445
     8.75          52.6079          0.15143
    11.25          38.6125         0.111004
    11.25          37.5857         0.108559
    11.25          37.8555         0.109271
    11.25          38.4356         0.110499
    11.25          38.1107         0.109766
    11.25          38.1372          0.10991
    11.25          37.6524          0.10881
    11.25          38.6023          0.11089
    11.25          38.1548         0.109889
    11.25          38.1012         0.109799
    11.25          37.3529         0.108248
    11.25          38.6776         0.110953
    11.25           38.258          0.11005
    11.25          37.9892         0.109617
    11.25          37.9076          0.10919
    11.25          38.6578         0.111271
    11.25          38.6415         0.111008
    11.25          37.8363         0.109182
    11.25          38.9082         0.111799
    11.25          37.9692         0.109377
    11.25          38.2736         0.110045
    11.25          39.0483         0.112153
    11.25          38.2535         0.110176
    11.25          38.0109         0.109556
    11.25          38.1215         0.109897
    11.25          38.0884         0.109736
    11.25          38.0578         0.109688
    11.25          38.2159         0.110049
    11.25          38.3808         0.110346
    11.25          38.8974         0.111782
    11.25          39.1474         0.112383
    11.25          38.9256          0.11165
    11.25           38.205          0.11002
    11.25          38.0661         0.109707
    11.25          38.5443         0.110702
    11.25          38.8471         0.111709
    11.25          38.0043         0.109655
    11.25          38.2237         0.109971
    11.25            38.87         0.111677
    11.25          38.9232         0.111663
    11.25          38.9995         0.111896
    11.25          38.5492         0.110828
    11.25          38.8189         0.111546
    11.25          38.4724         0.110604
    11.25          38.2488          0.11015
    11.25          38.0124          0.10956
    11.25           38.124         0.109777
    11.25          37.8432         0.109246
    11.25          37.5246         0.108573
    11.25           38.171         0.109941
    13.75          29.3187        0.0873841
    13.75          28.5736        0.0855939
    13.75          28.7775        0.0861301
    13.75          29.1805        0.0869956
    13.75          28.9462          0.08639
    13.75          28.9806        0.0866622
    13.75          28.6276        0.0858275
    13.75          29.3058        0.0872476
    13.75          28.9848        0.0865536
    13.75          28.9487        0.0865099
    13.75          28.4177        0.0853863
    13.75          29.3525        0.0873149
    13.75          29.0531        0.0866573
    13.75          28.8739        0.0863935
    13.75          28.7972        0.0860376
    13.75          29.3638        0.0876146
    13.75          29.3347        0.0873891
    13.75          28.7569        0.0860476
    13.75          29.5471        0.0880695
    13.75          28.8412        0.0861357
    13.75           29.057        0.0866123
    13.75          29.6526        0.0883656
    13.75          29.0588        0.0868064
    13.75          28.8819        0.0863093
    13.75          28.9717         0.086606
    13.75          28.9353         0.086447
    13.75          28.9157        0.0864124
    13.75          29.0317        0.0866979
    13.75          29.1348        0.0868553
    13.75          29.5473        0.0880861
    13.75          29.7228        0.0885026
    13.75          29.5414        0.0878981
    13.75          29.0228        0.0866715
    13.75          28.9223        0.0864291
    13.75          29.2633        0.0871616
    13.75          29.5028        0.0880002
    13.75          28.8814        0.0864156
    13.75          29.0325        0.0866055
    13.75          29.5152        0.0879626
    13.75          29.5422        0.0878986
    13.75          29.6017        0.0880931
    13.75          29.2738        0.0872862
    13.75          29.4735        0.0878518
    13.75          29.2122        0.0870506
    13.75          29.0573        0.0867641
    13.75          28.8806        0.0863211
    13.75          28.9594        0.0864701
    13.75          28.7655        0.0861049
    13.75          28.5388        0.0855856
    13.75          28.9982        0.0866016
    16.25          22.8544        0.0725406
    16.25          22.2931        0.0711619
    16.25          22.4507        0.0715941
    16.25          22.7454        0.0722192
    16.25           22.566        0.0717231
    16.25          22.6067        0.0720357
    16.25          22.3376        0.0713845
    16.25          22.8409        0.0723907
    16.25          22.6017        0.0718879
    16.25          22.5763        0.0718745
    16.25          22.1795        0.0710854
    16.25           22.876         0.072442
    16.25          22.6502        0.0719514
    16.25           22.523        0.0718054
    16.25          22.4577        0.0714757
    16.25          22.8936        0.0727603
    16.25          22.8634        0.0725567
    16.25          22.4324        0.0715024
    16.25          23.0367        0.0731473
    16.25          22.4885        0.0715293
    16.25          22.6481        0.0718876
    16.25          23.1207        0.0734004
    16.25          22.6597        0.0721189
    16.25          22.5248        0.0717009
    16.25          22.5986        0.0719635
    16.25          22.5638        0.0718119
    16.25            22.55        0.0717905
    16.25          22.6395        0.0720156
    16.25          22.7076        0.0720892
    16.25          23.0425         0.073181
    16.25          23.1701        0.0734843
    16.25          23.0246        0.0729579
    16.25          22.6315        0.0719968
    16.25          22.5557        0.0718014
    16.25          22.8138        0.0723496
    16.25          23.0006        0.0731034
    16.25          22.5261        0.0718206
    16.25          22.6377        0.0719147
    16.25          23.0101        0.0730507
    16.25          23.0256        0.0729489
    16.25          23.0717        0.0731212
    16.25          22.8234        0.0724802
    16.25          22.9747        0.0729575
    16.25           22.772        0.0722444
    16.25          22.6588        0.0720672
    16.25           22.523        0.0717176
    16.25           22.581        0.0718237
    16.25          22.4401        0.0715633
    16.25          22.2688        0.0711901
    16.25          22.6119        0.0719469
    18.75          18.4163        0.0616781
    18.75          17.9829        0.0605645
    18.75          18.1094        0.0609208
    18.75          18.3265        0.0614096
    18.75          18.1901        0.0609411
    18.75          18.2281        0.0613402
    18.75           18.021        0.0607671
    18.75          18.4021        0.0615326
    18.75          18.2201         0.061145
    18.75          18.2023        0.0611437
    18.75          17.9063        0.0604474
    18.75          18.4237        0.0616255
    18.75          18.2531        0.0611947
    18.75          18.1654        0.0610906
    18.75           18.104         0.060833
    18.75          18.4538        0.0618497
    18.75          18.4213        0.0616921
    18.75          18.0907        0.0608409
    18.75          18.5644        0.0622505
    18.75          18.1275        0.0608251
    18.75          18.2475        0.0611121
    18.75          18.6311        0.0624888
    18.75          18.2665        0.0613528
    18.75          18.1616        0.0609926
    18.75          18.2239        0.0612471
    18.75          18.1901        0.0610794
    18.75          18.1813        0.0610617
    18.75          18.2504        0.0612711
    18.75          18.2936        0.0612835
    18.75          18.5728        0.0623106
    18.75          18.6688        0.0625178
    18.75          18.5436        0.0620815
    18.75           18.244         0.061248
    18.75          18.1857        0.0610749
    18.75          18.3793        0.0615674
    18.75          18.5383        0.0621805
    18.75          18.1665        0.0610787
    18.75          18.2452        0.0611899
    18.75           18.542        0.0621506
    18.75          18.5453        0.0620666
    18.75          18.5849        0.0621968
    18.75          18.3913        0.0616749
    18.75          18.5126        0.0620626
    18.75          18.3489        0.0614187
    18.75          18.2665        0.0612989
    18.75          18.1591        0.0610103
    18.75          18.2024        0.0610933
    18.75          18.0993        0.0608871
    18.75          17.9722        0.0605304
    18.75          18.2295        0.0611898
    25.00          46.7256        0.0145706
    25.00          45.6997        0.0143759
    25.00          46.0194        0.0144502
    25.00          46.4887        0.0145095
    25.00          46.1805        0.0143992
    25.00           46.287        0.0145511
    25.00          45.8013         0.014442
    25.00          46.6811        0.0145124
    25.00          46.2576        0.0144681
    25.00          46.2211        0.0144823
    25.00            45.56         0.014395
    25.00          46.7062        0.0145292
    25.00          46.3174        0.0144665
    25.00          46.1515        0.0144857
    25.00           45.964        0.0144145
    25.00          46.8379        0.0146125
    25.00          46.7267        0.0145753
    25.00          45.9574        0.0144226
    25.00          47.0951        0.0147079
    25.00          46.0213        0.0143976
    25.00          46.2914         0.014441
    25.00          47.2571        0.0147616
    25.00          46.3697        0.0145296
    25.00          46.1233        0.0144428
    25.00          46.2898        0.0145062
    25.00          46.1831        0.0144626
    25.00          46.1701        0.0144621
    25.00          46.3318        0.0145008
    25.00          46.3996        0.0144806
    25.00           47.129        0.0147286
    25.00          47.3456        0.0147522
    25.00          47.0045        0.0146518
    25.00          46.3152        0.0144971
    25.00          46.1812         0.014464
    25.00          46.6164        0.0145423
    25.00          47.0371        0.0146973
    25.00          46.1456        0.0144725
    25.00          46.3092        0.0144781
    25.00          47.0358        0.0146831
    25.00          47.0127        0.0146425
    25.00          47.1184        0.0146701
    25.00          46.6604        0.0145852
    25.00          46.9566        0.0146657
    25.00          46.5565        0.0145048
    25.00          46.3754        0.0145046
    25.00           46.112        0.0144536
    25.00          46.2075        0.0144589
    25.00           45.987        0.0144382
    25.00          45.7087        0.0143806
    25.00           46.279        0.0144691
    35.00           24.954       0.00958004
    35.00           24.463         0.009462
    35.00          24.6328       0.00951107
    35.00          24.8205       0.00953808
    35.00          24.6908       0.00947418
    35.00          24.7442       0.00956892
    35.00          24.5198       0.00950145
    35.00          24.9249       0.00954573
    35.00          24.7276       0.00951859
    35.00           24.714       0.00952621
    35.00          24.4347       0.00947086
    35.00           24.911       0.00955602
    35.00          24.7397       0.00951306
    35.00          24.6963       0.00953197
    35.00          24.5716        0.0094849
    35.00          25.0254       0.00960626
    35.00          24.9488       0.00958337
    35.00          24.5866       0.00948967
    35.00          25.1413       0.00967162
    35.00          24.6011        0.0094685
    35.00          24.7187       0.00949306
    35.00          25.2186       0.00970506
    35.00          24.7815       0.00955329
    35.00          24.6668       0.00950347
    35.00          24.7611        0.0095513
    35.00          24.6882       0.00951072
    35.00          24.6898       0.00951365
    35.00          24.7629       0.00953867
    35.00          24.7696       0.00951478
    35.00          25.1654        0.0096892
    35.00          25.2628       0.00969781
    35.00          25.0623       0.00962762
    35.00           24.755       0.00953599
    35.00          24.6949       0.00951484
    35.00          24.8774       0.00956091
    35.00          25.1205       0.00966355
    35.00          24.6872       0.00952061
    35.00          24.7435       0.00952385
    35.00          25.1086       0.00965387
    35.00          25.0696        0.0096219
    35.00          25.1314       0.00964286
    35.00          24.9138       0.00958712
    35.00          25.0657       0.00964027
    35.00          24.8639       0.00953664
    35.00          24.7893       0.00954116
    35.00           24.657       0.00950778
    35.00          24.6969       0.00951061
    35.00          24.6093       0.00950033
    35.00          24.5003       0.00946611
    35.00          24.7369       0.00951654
    45.00          14.9143       0.00719197
    45.00          14.6462       0.00710946
    45.00          14.7477       0.00714617
    45.00          14.8309       0.00715975
    45.00          14.7745       0.00712002
    45.00           14.795       0.00718189
    45.00          14.6802       0.00713644
    45.00          14.8958       0.00716878
    45.00          14.7899        0.0071495
    45.00          14.7837       0.00715407
    45.00          14.6543       0.00711784
    45.00          14.8707       0.00717326
    45.00          14.7871       0.00714232
    45.00          14.7827       0.00716086
    45.00          14.6963       0.00712417
    45.00          14.9611       0.00721113
    45.00          14.9093       0.00719424
    45.00          14.7133        0.0071285
    45.00          15.0158       0.00725723
    45.00          14.7156       0.00711152
    45.00          14.7734        0.0071273
    45.00          15.0552       0.00727986
    45.00          14.8178       0.00717183
    45.00          14.7586       0.00713914
    45.00          14.8158       0.00717647
    45.00          14.7663        0.0071417
    45.00          14.7717       0.00714571
    45.00          14.8072       0.00716274
    45.00          14.8004       0.00714133
    45.00          15.0303       0.00727079
    45.00          15.0825       0.00727562
    45.00          14.9546       0.00722055
    45.00          14.8035       0.00716085
    45.00           14.774        0.0071464
    45.00          14.8558       0.00717438
    45.00          15.0104       0.00725265
    45.00           14.775       0.00715211
    45.00          14.7927       0.00715083
    45.00          14.9971       0.00724508
    45.00          14.9605       0.00721588
    45.00          15.0005       0.00723583
    45.00          14.8844       0.00719246
    45.00          14.9725        0.0072331
    45.00           14.861       0.00716046
    45.00          14.8254        0.0071652
    45.00          14.7509       0.00714089
    45.00          14.7694       0.00714236
    45.00          14.7305       0.00713679
    45.00           14.688       0.00711662
    45.00          14.7935       0.00714727
    55.00          9.50024       0.00564514
    55.00          9.34279       0.00558509
    55.00          9.40746       0.00561343
    55.00          9.44521       0.00561976
    55.00           9.4228        0.0055948
    55.00          9.42525       0.00563613
    55.00          9.36362       0.00560385
    55.00          9.48874       0.00562933
    55.00          9.42699       0.00561481
    55.00          9.42369       0.00561716
    55.00          9.36226       0.00559258
    55.00          9.46256       0.00563291
    55.00          9.41963       0.00560715
    55.00          9.42828       0.00562415
    55.00          9.36675       0.00559475
    55.00          9.53181       0.00566001
    55.00          9.49619       0.00564671
    55.00           9.3818       0.00559872
    55.00          9.55728       0.00569716
    55.00          9.38099       0.00558469
    55.00          9.41106       0.00559497
    55.00          9.57794        0.0057177
    55.00          9.44156       0.00562918
    55.00          9.40982       0.00560727
    55.00          9.44578       0.00563809
    55.00          9.41172       0.00560696
    55.00          9.41778       0.00561146
    55.00          9.43528       0.00562389
    55.00           9.4264       0.00560525
    55.00          9.56562       0.00571099
    55.00          9.59653       0.00571183
    55.00          9.51109       0.00566614
    55.00          9.43364       0.00562224
    55.00          9.41872       0.00561193
    55.00          9.45492        0.0056313
    55.00          9.55812       0.00569202
    55.00          9.42243       0.00561701
    55.00          9.42457        0.0056142
    55.00          9.54604       0.00568631
    55.00          9.51587       0.00566311
    55.00          9.54286       0.00567961
    55.00          9.47688       0.00564443
    55.00          9.53158       0.00567607
    55.00          9.46686       0.00562086
    55.00          9.44844       0.00562598
    55.00           9.4037       0.00560745
    55.00          9.41257       0.00560817
    55.00          9.39486       0.00560545
    55.00          9.38144       0.00559362
    55.00          9.42771        0.0056117
    65.00          6.26943       0.00450459
    65.00          6.17317       0.00446176
    65.00          6.21586       0.00448379
    65.00          6.23201       0.00448429
    65.00          6.22641       0.00447175
    65.00          6.21911        0.0044947
    65.00          6.18604       0.00447503
    65.00          6.26243        0.0044935
    65.00          6.22465       0.00448328
    65.00          6.22263       0.00448446
    65.00          6.19502       0.00447138
    65.00          6.23808       0.00449086
    65.00          6.21639       0.00447493
    65.00           6.2288       0.00449186
    65.00          6.18439       0.00446678
    65.00          6.29091       0.00451617
    65.00          6.26617       0.00450555
    65.00          6.19679       0.00447122
    65.00          6.30052       0.00453765
    65.00           6.1957       0.00446076
    65.00          6.21149       0.00446694
    65.00          6.31069        0.0045482
    65.00           6.2319       0.00449228
    65.00          6.21496       0.00447801
    65.00          6.23775       0.00450139
    65.00          6.21444       0.00447647
    65.00          6.22003       0.00448121
    65.00          6.22805       0.00448827
    65.00          6.22046       0.00447439
    65.00          6.30458       0.00454407
    65.00           6.3244       0.00454686
    65.00          6.26625       0.00451225
    65.00          6.22748       0.00448741
    65.00           6.2203        0.0044813
    65.00          6.23384       0.00448919
    65.00          6.30423       0.00453691
    65.00           6.2246       0.00448618
    65.00          6.22026       0.00448071
    65.00          6.29406       0.00453085
    65.00          6.27003       0.00451013
    65.00          6.28883       0.00452377
    65.00          6.25043       0.00449997
    65.00          6.28551       0.00452406
    65.00          6.24814       0.00448664
    65.00          6.23787       0.00449101
    65.00          6.21019       0.00447751
    65.00          6.21426       0.00447739
    65.00          6.20664       0.00447694
    65.00          6.20664       0.00447303
    65.00          6.22364       0.00447859
    75.00          4.20918        0.0037235
    75.00          4.14955       0.00368343
    75.00          4.17813       0.00370128
    75.00          4.18347       0.00370774
    75.00          4.18651       0.00368229
    75.00          4.17409       0.00372263
    75.00          4.15756       0.00368855
    75.00          4.20497       0.00371964
    75.00          4.18149       0.00370609
    75.00          4.18017       0.00370353
    75.00          4.17161       0.00364932
    75.00          4.18367       0.00372943
    75.00          4.17364       0.00370294
    75.00          4.18644       0.00370454
    75.00          4.15419       0.00369256
    75.00          4.22355       0.00373626
    75.00          4.20652       0.00372415
    75.00          4.16407       0.00369322
    75.00          4.22441       0.00376921
    75.00          4.16379       0.00367219
    75.00          4.17166       0.00368021
    75.00          4.22873       0.00377826
    75.00          4.18466       0.00370989
    75.00          4.17606       0.00370013
    75.00          4.19005       0.00373264
    75.00          4.17473       0.00369306
    75.00           4.1795       0.00369632
    75.00          4.18207       0.00371602
    75.00          4.17686       0.00369033
    75.00          4.22579       0.00377444
    75.00           4.2391       0.00377591
    75.00          4.19948       0.00374718
    75.00           4.1821       0.00371167
    75.00           4.1794       0.00369892
    75.00          4.18111       0.00372713
    75.00          4.22918       0.00376193
    75.00          4.18354       0.00369767
    75.00          4.17649       0.00370959
    75.00          4.22111       0.00375806
    75.00          4.20228       0.00374864
    75.00          4.21574       0.00375304
    75.00           4.1932       0.00373784
    75.00          4.21603       0.00375368
    75.00          4.19584       0.00370296
    75.00          4.18956       0.00371319
    75.00          4.17248       0.00369586
    75.00          4.17396       0.00369888
    75.00          4.17141       0.00369685
    75.00          4.17834       0.00366333
    75.00          4.17924       0.00370729
    85.00          2.85367       0.00303186
    85.00          2.81596       0.00300846
    85.00          2.83525       0.00302253
    85.00          2.83596        0.0030183
    85.00          2.84149        0.0030176
    85.00          2.82924       0.00302262
    85.00          2.82076       0.00301482
    85.00          2.85135       0.00302687
    85.00          2.83628       0.00302082
    85.00          2.83527       0.00302051
    85.00          2.83303        0.0030174
    85.00          2.83437       0.00302118
    85.00          2.82979       0.00301327
    85.00          2.84054       0.00302701
    85.00          2.81757       0.00300891
    85.00          2.86354       0.00303979
    85.00          2.85154        0.0030319
    85.00          2.82513       0.00301347
    85.00          2.86121       0.00304842
    85.00           2.8248       0.00300679
    85.00          2.82858       0.00300861
    85.00          2.86277       0.00305274
    85.00          2.83725       0.00302352
    85.00          2.83319        0.0030181
    85.00          2.84226       0.00303327
    85.00          2.83152       0.00301515
    85.00          2.83529       0.00301956
    85.00          2.83588        0.0030221
    85.00          2.83193       0.00301342
    85.00          2.86132       0.00305063
    85.00          2.87042        0.0030528
    85.00          2.84326       0.00303072
    85.00          2.83598       0.00302163
    85.00          2.83517       0.00301951
    85.00          2.83281       0.00301948
    85.00          2.86553       0.00304892
    85.00           2.8385       0.00302303
    85.00          2.83187        0.0030175
    85.00          2.85936        0.0030441
    85.00          2.84553       0.00303034
    85.00          2.85467       0.00303829
    85.00          2.84172       0.00302717
    85.00          2.85648       0.00304083
    85.00          2.84499       0.00302111
    85.00          2.84129       0.00302461
    85.00           2.8304       0.00301676
    85.00          2.83075       0.00301583
    85.00          2.83052       0.00301787
    85.00          2.83785       0.00302005
    85.00            2.834       0.00301548
    95.00          1.98926       0.00250537
    95.00            1.965        0.0024882
    95.00          1.97829       0.00249934
    95.00          1.97682       0.00249445
    95.00           1.9832       0.00249684
    95.00          1.97176       0.00249665
    95.00          1.96794       0.00249286
    95.00          1.98797       0.00250175
    95.00          1.97816       0.00249741
    95.00          1.97737       0.00249695
    95.00          1.97894       0.00249793
    95.00          1.97442       0.00249497
    95.00          1.97283       0.00249057
    95.00          1.98177       0.00250283
    95.00          1.96508       0.00248689
    95.00          1.99605       0.00251261
    95.00          1.98763       0.00250535
    95.00          1.97084       0.00249169
    95.00          1.99236       0.00251662
    95.00          1.97076       0.00248652
    95.00          1.97229       0.00248732
    95.00          1.99255       0.00251894
    95.00          1.97804       0.00249881
    95.00          1.97641       0.00249547
    95.00          1.98226       0.00250698
    95.00          1.97479       0.00249282
    95.00          1.97778       0.00249673
    95.00          1.97724       0.00249757
    95.00          1.97447       0.00249147
    95.00          1.99183        0.0025171
    95.00          1.99825       0.00251949
    95.00          1.97929        0.0025018
    95.00          1.97741       0.00249745
    95.00          1.97762        0.0024965
    95.00          1.97335       0.00249363
    95.00          1.99619       0.00251805
    95.00          1.98038       0.00249992
    95.00          1.97429       0.00249373
    95.00          1.99149       0.00251304
    95.00          1.98098       0.00250203
    95.00          1.98753       0.00250787
    95.00          1.97991       0.00250092
    95.00           1.9898       0.00251154
    95.00          1.98355       0.00249674
    95.00          1.98127       0.00250009
    95.00          1.97427       0.00249419
    95.00          1.97407       0.00249312
    95.00          1.97483       0.00249568
    95.00           1.9822       0.00249992
    95.00          1.97588        0.0024927
   105.00            1.442       0.00216036
   105.00          1.42571       0.00214677
   105.00          1.43525       0.00215631
   105.00          1.43292       0.00215084
   105.00          1.43937       0.00215591
   105.00          1.42883        0.0021512
   105.00          1.42751       0.00214998
   105.00          1.44137       0.00215807
   105.00          1.43463       0.00215427
   105.00          1.43398       0.00215357
   105.00          1.43716       0.00215672
   105.00          1.43035       0.00215034
   105.00          1.43022       0.00214772
   105.00          1.43764       0.00215917
   105.00          1.42508       0.00214444
   105.00          1.44687       0.00216702
   105.00          1.44066       0.00215972
   105.00          1.42963       0.00214967
   105.00          1.44263       0.00216743
   105.00          1.42975       0.00214568
   105.00          1.43008       0.00214533
   105.00          1.44216        0.0021687
   105.00          1.43395       0.00215441
   105.00          1.43363       0.00215288
   105.00          1.43747       0.00216192
   105.00          1.43217       0.00215027
   105.00          1.43455       0.00215378
   105.00          1.43352       0.00215374
   105.00          1.43158       0.00214912
   105.00           1.4418       0.00216694
   105.00          1.44661       0.00216988
   105.00          1.43285       0.00215447
   105.00          1.43367        0.0021535
   105.00          1.43441       0.00215367
   105.00          1.42957       0.00214917
   105.00          1.44594       0.00216924
   105.00          1.43669       0.00215699
   105.00          1.43126       0.00215015
   105.00          1.44233       0.00216484
   105.00          1.43418       0.00215517
   105.00          1.43907       0.00216025
   105.00          1.43444       0.00215523
   105.00           1.4413       0.00216372
   105.00           1.4382       0.00215372
   105.00          1.43662       0.00215625
   105.00          1.43194       0.00215139
   105.00           1.4315       0.00215023
   105.00          1.43266       0.00215325
   105.00          1.43954       0.00215892
   105.00          1.43246       0.00214952
   115.00          1.06615       0.00189575
   115.00          1.05515       0.00188741
   115.00          1.06206       0.00189448
   115.00          1.05946       0.00188841
   115.00          1.06546       0.00189484
   115.00          1.05617       0.00188818
   115.00          1.05623       0.00188936
   115.00          1.06588       0.00189439
   115.00          1.06123       0.00189227
   115.00          1.06069       0.00189141
   115.00          1.06449       0.00189648
   115.00          1.05697       0.00188705
   115.00          1.05762       0.00188633
   115.00          1.06372       0.00189647
   115.00          1.05418       0.00188349
   115.00          1.06968       0.00190246
   115.00          1.06507       0.00189553
   115.00          1.05777       0.00188879
   115.00          1.06549       0.00190094
   115.00          1.05798       0.00188515
   115.00          1.05764       0.00188399
   115.00          1.06475       0.00190161
   115.00           1.0603       0.00189154
   115.00           1.0607       0.00189138
   115.00          1.06325        0.0018987
   115.00           1.0594       0.00188876
   115.00          1.06132       0.00189194
   115.00          1.06009       0.00189125
   115.00          1.05878       0.00188752
   115.00          1.06452       0.00189998
   115.00          1.06818        0.0019025
   115.00          1.05811       0.00188962
   115.00          1.06024       0.00189114
   115.00          1.06119       0.00189175
   115.00          1.05638         0.001886
   115.00          1.06831       0.00190309
   115.00          1.06306       0.00189526
   115.00          1.05836       0.00188775
   115.00          1.06549       0.00189868
   115.00          1.05918       0.00189061
   115.00          1.06277       0.00189451
   115.00          1.06015        0.0018917
   115.00          1.06492       0.00189838
   115.00          1.06355       0.00189022
   115.00          1.06249       0.00189349
   115.00          1.05935       0.00188988
   115.00          1.05882       0.00188877
   115.00          1.06011        0.0018921
   115.00          1.06624       0.00189831
   115.00          1.05923       0.00188743
   125.00         0.803891       0.00167963
   125.00         0.796404       0.00167381
   125.00         0.801487       0.00167948
   125.00         0.798884       0.00167361
   125.00          0.80434         0.001681
   125.00         0.796195       0.00167235
   125.00         0.796992       0.00167433
   125.00         0.803895       0.00167964
   125.00         0.800613        0.0016777
   125.00          0.80014        0.0016763
   125.00         0.803979       0.00168046
   125.00         0.796652       0.00167326
   125.00         0.797653        0.0016724
   125.00         0.802622       0.00168069
   125.00         0.795298       0.00166934
   125.00         0.806492        0.0016862
   125.00         0.802974       0.00167899
   125.00         0.798196       0.00167481
   125.00         0.802485       0.00168357
   125.00         0.798515       0.00167159
   125.00         0.797696       0.00166978
   125.00         0.801758       0.00168452
   125.00         0.799519       0.00167567
   125.00         0.800383       0.00167707
   125.00            0.802       0.00168326
   125.00         0.799236       0.00167417
   125.00         0.800744       0.00167695
   125.00         0.799534       0.00167647
   125.00         0.798654       0.00167314
   125.00         0.801528       0.00168285
   125.00         0.804395       0.00168512
   125.00         0.796926       0.00167398
   125.00         0.799598       0.00167599
   125.00         0.800673         0.001677
   125.00         0.796247       0.00167203
   125.00         0.804853       0.00168506
   125.00         0.802187       0.00168014
   125.00         0.798161       0.00167315
   125.00         0.802703       0.00168171
   125.00         0.797796       0.00167528
   125.00         0.800468       0.00167853
   125.00         0.799071       0.00167604
   125.00         0.802393       0.00168118
   125.00         0.802159       0.00167551
   125.00          0.80139       0.00167838
   125.00          0.79926       0.00167511
   125.00         0.798722       0.00167431
   125.00         0.799988       0.00167764
   125.00         0.805346       0.00168318
   125.00         0.798761       0.00167287
   135.00         0.617196       0.00150662
   135.00         0.611953       0.00150266
   135.00          0.61574       0.00150724
   135.00         0.613417       0.00150164
   135.00         0.618183          0.00151
   135.00         0.611141       0.00149921
   135.00         0.612294       0.00150275
   135.00         0.617284       0.00150695
   135.00         0.614945       0.00150556
   135.00         0.614544        0.0015042
   135.00         0.618197       0.00151019
   135.00         0.611368       0.00149985
   135.00         0.612513       0.00150049
   135.00         0.616588        0.0015084
   135.00         0.610856       0.00149744
   135.00         0.619173       0.00151323
   135.00         0.616477       0.00150588
   135.00         0.613183       0.00150322
   135.00         0.615531       0.00150838
   135.00         0.613508       0.00150063
   135.00         0.612727       0.00149906
   135.00         0.614694       0.00150822
   135.00         0.613947       0.00150355
   135.00         0.614825       0.00150498
   135.00         0.615923       0.00150975
   135.00         0.613884        0.0015026
   135.00         0.615127       0.00150515
   135.00         0.613924       0.00150386
   135.00         0.613442       0.00150207
   135.00         0.614532       0.00150657
   135.00         0.616825       0.00150945
   135.00         0.611264       0.00149988
   135.00         0.614032       0.00150364
   135.00         0.615032       0.00150505
   135.00         0.611031       0.00149882
   135.00         0.617541       0.00151041
   135.00         0.616281       0.00150832
   135.00         0.612886       0.00150077
   135.00         0.615775       0.00150675
   135.00         0.611975       0.00150154
   135.00         0.613947       0.00150396
   135.00         0.613319       0.00150291
   135.00         0.615694       0.00150702
   135.00         0.615965       0.00150331
   135.00         0.615427       0.00150592
   135.00         0.613959       0.00150333
   135.00         0.613451       0.00150243
   135.00         0.614607       0.00150594
   135.00         0.619211       0.00151234
   135.00          0.61332       0.00150094
   145.00         0.482233       0.00146616
   145.00         0.478539       0.00146895
   145.00         0.481329       0.00147087
   145.00         0.479425       0.00146357
   145.00         0.483276       0.00147283
   145.00          0.47762       0.00146268
   145.00         0.478842       0.00146735
   145.00         0.482228       0.00146804
   145.00         0.480692       0.00146886
   145.00         0.480332       0.00146655
   145.00         0.483556         0.001471
   145.00         0.477613       0.00146425
   145.00         0.478627       0.00146372
   145.00         0.482072       0.00147069
   145.00         0.477575       0.00146199
   145.00          0.48376        0.0014733
   145.00          0.48199       0.00146876
   145.00         0.479247       0.00146725
   145.00         0.481091       0.00147526
   145.00         0.479356       0.00146322
   145.00          0.47917       0.00146143
   145.00         0.479908       0.00147235
   145.00         0.480068       0.00146684
   145.00         0.480489       0.00146882
   145.00         0.481645        0.0014758
   145.00         0.479743        0.0014646
   145.00         0.480903       0.00146766
   145.00         0.479705       0.00146698
   145.00         0.479415       0.00146354
   145.00         0.480031       0.00147201
   145.00         0.481679       0.00147131
   145.00          0.47756       0.00146459
   145.00         0.480009       0.00146693
   145.00         0.480681       0.00146757
   145.00         0.477166       0.00146232
   145.00         0.482744       0.00147526
   145.00         0.481752       0.00147074
   145.00         0.479026       0.00146409
   145.00          0.48099       0.00146795
   145.00         0.478101        0.0014667
   145.00         0.479577       0.00146584
   145.00         0.479222       0.00146739
   145.00         0.481203       0.00147123
   145.00         0.481087       0.00146217
   145.00            0.481       0.00146818
   145.00         0.479919       0.00146628
   145.00         0.479524       0.00146569
   145.00         0.480433       0.00146984
   145.00         0.484244       0.00147493
   145.00          0.47937       0.00146397
   155.00         0.373773       0.00134568
   155.00         0.371259         0.001341
   155.00         0.373416       0.00134537
   155.00         0.371558       0.00134121
   155.00         0.375099       0.00134844
   155.00         0.370029       0.00133839
   155.00         0.371308       0.00134083
   155.00         0.373958       0.00134644
   155.00         0.372757       0.00134429
   155.00         0.372467       0.00134304
   155.00         0.375432        0.0013482
   155.00         0.370021       0.00133927
   155.00         0.371126       0.00134109
   155.00         0.373842       0.00134561
   155.00         0.370328       0.00133622
   155.00         0.374903       0.00135229
   155.00         0.373342       0.00134462
   155.00         0.371812       0.00134204
   155.00         0.372104        0.0013461
   155.00         0.372143       0.00134097
   155.00         0.371299       0.00133953
   155.00         0.371443       0.00134639
   155.00         0.371885       0.00134183
   155.00         0.372803       0.00134411
   155.00         0.373253       0.00134661
   155.00         0.372118       0.00134207
   155.00         0.372932       0.00134395
   155.00         0.371958       0.00134268
   155.00         0.371812       0.00134239
   155.00         0.371291       0.00134486
   155.00         0.372762       0.00134766
   155.00         0.369554       0.00134025
   155.00         0.372027       0.00134266
   155.00          0.37287       0.00134386
   155.00         0.369825       0.00133963
   155.00         0.373527        0.0013479
   155.00         0.373692       0.00134577
   155.00         0.371327        0.0013411
   155.00         0.372395       0.00134464
   155.00         0.370036       0.00134263
   155.00         0.371145       0.00134245
   155.00         0.371282       0.00134404
   155.00         0.372506       0.00134575
   155.00         0.373156       0.00134346
   155.00         0.372913       0.00134474
   155.00         0.372219       0.00134218
   155.00         0.371836       0.00134192
   155.00         0.372696       0.00134451
   155.00         0.376043       0.00134988
   155.00         0.371491       0.00133947
   165.00         0.294763       0.00116661
   165.00         0.292972       0.00115593
   165.00         0.294638       0.00116331
   165.00         0.293032       0.00115952
   165.00         0.296046        0.0011659
   165.00         0.291763       0.00115707
   165.00          0.29297       0.00115669
   165.00         0.294942       0.00116693
   165.00         0.294064       0.00116218
   165.00         0.293819       0.00116127
   165.00         0.296406        0.0011644
   165.00         0.291716       0.00115854
   165.00         0.292708       0.00115833
   165.00         0.294964       0.00116447
   165.00          0.29216       0.00115465
   165.00         0.295623       0.00117048
   165.00         0.294416       0.00116357
   165.00         0.293356       0.00115961
   165.00         0.293223       0.00116692
   165.00         0.293655       0.00115818
   165.00         0.292889       0.00115679
   165.00         0.292626       0.00116717
   165.00         0.293304       0.00116002
   165.00         0.294129       0.00116203
   165.00         0.294434       0.00116551
   165.00         0.293554       0.00115966
   165.00         0.294227       0.00116187
   165.00         0.293367       0.00116107
   165.00         0.293312       0.00115903
   165.00         0.292491       0.00116645
   165.00         0.293682       0.00116848
   165.00         0.291216       0.00115978
   165.00         0.293426       0.00116109
   165.00         0.294174       0.00116183
   165.00         0.291553       0.00115872
   165.00         0.294411       0.00116759
   165.00         0.294842       0.00116344
   165.00         0.292876       0.00115949
   165.00         0.293485       0.00116523
   165.00         0.291615       0.00116167
   165.00         0.292447        0.0011617
   165.00         0.292747       0.00116376
   165.00         0.293638       0.00116512
   165.00         0.294308       0.00116424
   165.00         0.294139       0.00116306
   165.00         0.293662       0.00116017
   165.00         0.293315        0.0011585
   165.00         0.294071       0.00116254
   165.00         0.296891       0.00116681
   165.00         0.292974       0.00115997
   175.00         0.224759      0.000947308
   175.00         0.223514        0.0009486
   175.00          0.22475      0.000950921
   175.00         0.223461      0.000944257
   175.00         0.225869      0.000959123
   175.00         0.222459      0.000936988
   175.00         0.223476       0.00094616
   175.00         0.224926      0.000950061
   175.00         0.224286      0.000948909
   175.00         0.224095      0.000947304
   175.00         0.226199      0.000959849
   175.00         0.222404      0.000938492
   175.00         0.223239      0.000944671
   175.00         0.224979      0.000950774
   175.00         0.222844       0.00094106
   175.00         0.225408      0.000952955
   175.00         0.224509       0.00094321
   175.00         0.223762      0.000949416
   175.00         0.223471      0.000936547
   175.00         0.224029      0.000951097
   175.00         0.223383      0.000944921
   175.00         0.222996      0.000935289
   175.00         0.223671      0.000943662
   175.00         0.224353      0.000950026
   175.00         0.224529      0.000947161
   175.00         0.223909      0.000948063
   175.00         0.224423      0.000949226
   175.00         0.223727      0.000945694
   175.00          0.22372      0.000949139
   175.00         0.222879      0.000932064
   175.00          0.22381      0.000938481
   175.00         0.221957      0.000933158
   175.00         0.223769      0.000944697
   175.00         0.224384      0.000949782
   175.00         0.222278       0.00093942
   175.00          0.22442      0.000940425
   175.00         0.224901      0.000952825
   175.00          0.22335      0.000942764
   175.00         0.223709      0.000938357
   175.00         0.222261      0.000936559
   175.00         0.222901      0.000935986
   175.00         0.223183      0.000941769
   175.00         0.223841      0.000939674
   175.00         0.224443      0.000949445
   175.00          0.22432      0.000947961
   175.00         0.223994      0.000947617
   175.00         0.223724      0.000945936
   175.00         0.224306      0.000951447
   175.00         0.226561       0.00096188
   175.00         0.223412      0.000942621
   185.00         0.179809       0.00102614
   185.00         0.179048       0.00102952
   185.00         0.179974       0.00103092
   185.00         0.178812       0.00102398
   185.00         0.180976       0.00103763
   185.00         0.177923       0.00101801
   185.00         0.178942       0.00102792
   185.00         0.180009        0.0010278
   185.00          0.17956       0.00102851
   185.00          0.17938       0.00102735
   185.00         0.181296       0.00104085
   185.00         0.177877       0.00101671
   185.00         0.178683        0.0010244
   185.00         0.180119       0.00103077
   185.00         0.178395       0.00102099
   185.00         0.180343       0.00103286
   185.00         0.179596       0.00102444
   185.00         0.179186       0.00102866
   185.00          0.17856       0.00101689
   185.00         0.179444       0.00102963
   185.00         0.178801       0.00102467
   185.00         0.178143       0.00101436
   185.00         0.178957       0.00102437
   185.00         0.179654       0.00102953
   185.00          0.17971       0.00102665
   185.00         0.179255       0.00102812
   185.00          0.17968       0.00102918
   185.00         0.179051       0.00102541
   185.00         0.179112       0.00102707
   185.00         0.178019       0.00101261
   185.00         0.178802       0.00101829
   185.00         0.177378       0.00101228
   185.00         0.179077       0.00102503
   185.00         0.179653        0.0010293
   185.00         0.177784       0.00101709
   185.00         0.179377       0.00102265
   185.00         0.180088       0.00103387
   185.00         0.178746       0.00102122
   185.00         0.178778       0.00102034
   185.00         0.177677        0.0010133
   185.00         0.178099       0.00101768
   185.00         0.178555       0.00101806
   185.00         0.178966       0.00101978
   185.00         0.179603        0.0010277
   185.00         0.179537       0.00102783
   185.00         0.179337       0.00102748
   185.00         0.179094       0.00102668
   185.00         0.179636       0.00103053
   185.00         0.181601       0.00104167
   185.00         0.178752       0.00102303
   195.00         0.147936      0.000399179
   195.00         0.147451      0.000397033
   195.00         0.148167      0.000399159
   195.00          0.14715      0.000396922
   195.00         0.149037      0.000402219
   195.00         0.146381      0.000394175
   195.00         0.147334      0.000396163
   195.00         0.148121      0.000400403
   195.00         0.147804      0.000398552
   195.00         0.147648      0.000397923
   195.00         0.149351      0.000401173
   195.00         0.146318      0.000395653
   195.00         0.147066      0.000397015
   195.00         0.148268      0.000399149
   195.00         0.146855      0.000395208
   195.00         0.148371      0.000400967
   195.00         0.147763      0.000397188
   195.00         0.147523      0.000398221
   195.00         0.146762       0.00039549
   195.00         0.147775      0.000399092
   195.00          0.14717      0.000396578
   195.00         0.146399      0.000395751
   195.00         0.147258      0.000396352
   195.00         0.147904      0.000398975
   195.00         0.147882      0.000397984
   195.00         0.147566      0.000398107
   195.00         0.147914       0.00039846
   195.00         0.147353      0.000397628
   195.00         0.147449      0.000398097
   195.00         0.146269      0.000394779
   195.00         0.146955      0.000397075
   195.00         0.145822      0.000393774
   195.00         0.147374      0.000396976
   195.00         0.147892      0.000398863
   195.00         0.146237      0.000396003
   195.00         0.147494      0.000396606
   195.00         0.148276      0.000399635
   195.00         0.147083      0.000396557
   195.00         0.147014      0.000396562
   195.00         0.146049      0.000394875
   195.00         0.146443      0.000395492
   195.00         0.146829      0.000396474
   195.00         0.147164      0.000396104
   195.00          0.14781      0.000399973
   195.00         0.147761      0.000398503
   195.00          0.14763       0.00039777
   195.00         0.147433      0.000397213
   195.00         0.147882      0.000398948
   195.00         0.149596      0.000402546
   195.00         0.147086      0.000396415
   205.00         0.120131      0.000338987
   205.00         0.119815       0.00033713
   205.00         0.120375         0.000339
   205.00         0.119507      0.000336998
   205.00         0.121122      0.000342089
   205.00          0.11885      0.000334218
   205.00         0.119695      0.000336075
   205.00         0.120304       0.00034039
   205.00         0.120066      0.000338508
   205.00         0.119931      0.000337869
   205.00         0.121399      0.000340696
   205.00         0.118797      0.000335969
   205.00         0.119456      0.000337291
   205.00         0.120444      0.000338807
   205.00         0.119298      0.000335436
   205.00         0.120477      0.000340553
   205.00         0.119989       0.00033684
   205.00         0.119852      0.000338352
   205.00         0.119076      0.000334908
   205.00          0.12009      0.000339495
   205.00         0.119551      0.000336677
   205.00         0.118767      0.000335503
   205.00         0.119587      0.000336111
   205.00         0.120161      0.000339043
   205.00         0.120097      0.000337611
   205.00         0.119879      0.000338202
   205.00         0.120162      0.000338357
   205.00         0.119677      0.000337667
   205.00         0.119794      0.000338335
   205.00         0.118645      0.000334364
   205.00         0.119224       0.00033667
   205.00         0.118342      0.000333869
   205.00         0.119689      0.000336882
   205.00         0.120147      0.000338857
   205.00          0.11874      0.000336436
   205.00         0.119691      0.000335912
   205.00         0.120455      0.000339397
   205.00         0.119466      0.000336718
   205.00         0.119305      0.000336236
   205.00         0.118535      0.000335008
   205.00          0.11883      0.000335347
   205.00          0.11922      0.000336568
   205.00         0.119449      0.000335738
   205.00         0.120056      0.000340113
   205.00         0.120014      0.000338395
   205.00         0.119931      0.000337782
   205.00         0.119766      0.000337287
   205.00         0.120142      0.000338911
   205.00         0.121601      0.000342135
   205.00         0.119442      0.000336361
   215.00        0.0981681       0.00030273
   215.00        0.0979791      0.000301198
   215.00        0.0984182       0.00030289
   215.00        0.0976714      0.000300911
   215.00        0.0990627      0.000305891
   215.00        0.0971057      0.000298225
   215.00        0.0978515      0.000299988
   215.00        0.0983377      0.000304284
   215.00        0.0981522      0.000302385
   215.00        0.0980364      0.000301787
   215.00        0.0992933      0.000304308
   215.00        0.0970718      0.000300117
   215.00        0.0976537      0.000301402
   215.00        0.0984544      0.000302525
   215.00        0.0975255      0.000299578
   215.00         0.098449      0.000304128
   215.00        0.0980424      0.000300512
   215.00        0.0979936       0.00030239
   215.00        0.0972151      0.000298465
   215.00        0.0982212      0.000303693
   215.00        0.0977092      0.000300398
   215.00         0.096982      0.000299502
   215.00        0.0977144      0.000299796
   215.00        0.0982504      0.000303081
   215.00        0.0981502       0.00030132
   215.00        0.0980059      0.000302203
   215.00        0.0982325       0.00030219
   215.00        0.0978224      0.000301688
   215.00        0.0979407      0.000302303
   215.00        0.0968542      0.000298143
   215.00        0.0973514       0.00030044
   215.00        0.0966441      0.000297789
   215.00        0.0978194      0.000300752
   215.00        0.0982286      0.000302795
   215.00         0.097028      0.000300612
   215.00        0.0977469      0.000299454
   215.00        0.0984808      0.000303221
   215.00        0.0976441      0.000300698
   215.00        0.0974443      0.000300101
   215.00        0.0968089      0.000298866
   215.00        0.0970448       0.00029923
   215.00         0.097411      0.000300449
   215.00        0.0975723      0.000299493
   215.00        0.0981291      0.000303997
   215.00        0.0980947      0.000302248
   215.00        0.0980482      0.000301737
   215.00        0.0979095      0.000301286
   215.00        0.0982279      0.000302808
   215.00        0.0994681      0.000305823
   215.00        0.0976053      0.000300287
   225.00        0.0810941      0.000277929
   225.00        0.0809975      0.000276405
   225.00        0.0813396      0.000278027
   225.00        0.0806999      0.000276192
   225.00        0.0818973      0.000281024
   225.00        0.0802113      0.000273502
   225.00        0.0808795      0.000275159
   225.00        0.0812432      0.000279519
   225.00        0.0811135      0.000277594
   225.00        0.0810112      0.000276988
   225.00        0.0821159      0.000279287
   225.00        0.0801704      0.000275506
   225.00        0.0806939      0.000276723
   225.00        0.0813627      0.000277622
   225.00        0.0805958      0.000274883
   225.00        0.0813268      0.000279234
   225.00        0.0809953      0.000275677
   225.00        0.0809902      0.000277625
   225.00        0.0802499      0.000273613
   225.00        0.0811931         0.000279
   225.00        0.0807599      0.000275709
   225.00        0.0800296      0.000274725
   225.00        0.0807359      0.000274976
   225.00        0.0811988      0.000278299
   225.00          0.08109      0.000276451
   225.00        0.0809954      0.000277439
   225.00         0.081186      0.000277376
   225.00        0.0808202      0.000276919
   225.00        0.0809485      0.000277558
   225.00        0.0799239      0.000273384
   225.00        0.0803446      0.000275641
   225.00        0.0797931      0.000273139
   225.00        0.0808244      0.000275958
   225.00        0.0811787      0.000277999
   225.00        0.0801395      0.000275984
   225.00         0.080705      0.000274574
   225.00        0.0813915      0.000278364
   225.00        0.0806797      0.000275965
   225.00        0.0804464      0.000275304
   225.00        0.0799335      0.000274203
   225.00        0.0801134      0.000274568
   225.00        0.0804607      0.000275644
   225.00         0.080567      0.000274634
   225.00        0.0810812      0.000279319
   225.00        0.0810532       0.00027745
   225.00        0.0810307      0.000276945
   225.00        0.0809147      0.000276537
   225.00         0.081185      0.000277978
   225.00        0.0822528      0.000280821
   225.00        0.0806311       0.00027558
   235.00        0.0667131      0.000259564
   235.00        0.0666833      0.000258146
   235.00        0.0669492      0.000259677
   235.00        0.0664004      0.000257921
   235.00        0.0674268      0.000262667
   235.00        0.0659833      0.000255237
   235.00        0.0665697      0.000256806
   235.00        0.0668506      0.000261247
   235.00        0.0667544      0.000259286
   235.00         0.066668      0.000258672
   235.00        0.0676185      0.000260714
   235.00        0.0659479      0.000257402
   235.00        0.0664114       0.00025855
   235.00        0.0669549      0.000259184
   235.00        0.0663335      0.000256645
   235.00        0.0669021      0.000260849
   235.00        0.0666357      0.000257246
   235.00        0.0666611       0.00025938
   235.00         0.065967      0.000255218
   235.00         0.066849      0.000260818
   235.00        0.0664572      0.000257337
   235.00        0.0657897      0.000256569
   235.00        0.0664192      0.000256551
   235.00        0.0668374      0.000260054
   235.00        0.0667202      0.000258056
   235.00        0.0666613      0.000259172
   235.00        0.0668185      0.000259015
   235.00        0.0665025      0.000258684
   235.00        0.0666303      0.000259298
   235.00        0.0656887      0.000255124
   235.00        0.0660444      0.000257386
   235.00        0.0656119      0.000254935
   235.00         0.066505      0.000257644
   235.00        0.0668134      0.000259693
   235.00        0.0659237      0.000257879
   235.00        0.0663617      0.000256148
   235.00        0.0669852      0.000260015
   235.00        0.0663942      0.000257689
   235.00        0.0661418      0.000257024
   235.00        0.0657386      0.000256011
   235.00        0.0658621      0.000256362
   235.00        0.0662036      0.000257377
   235.00        0.0662646      0.000256272
   235.00        0.0667099       0.00026106
   235.00        0.0666952       0.00025913
   235.00        0.0666924       0.00025864
   235.00        0.0665955      0.000258273
   235.00        0.0668222      0.000259665
   235.00        0.0677319      0.000262319
   235.00        0.0663276       0.00025731
   245.00        0.0558293      0.000246989
   245.00         0.055846       0.00024559
   245.00        0.0560535      0.000247109
   245.00        0.0555795       0.00024536
   245.00         0.056469      0.000250154
   245.00        0.0552173      0.000242629
   245.00         0.055737       0.00024413
   245.00        0.0559564      0.000248809
   245.00        0.0558853      0.000246706
   245.00        0.0558107      0.000246121
   245.00         0.056637       0.00024797
   245.00        0.0551878      0.000244986
   245.00        0.0556018      0.000246116
   245.00        0.0560474      0.000246506
   245.00        0.0555351      0.000244133
   245.00        0.0559888      0.000248199
   245.00        0.0557645      0.000244527
   245.00        0.0558158      0.000246893
   245.00        0.0551639      0.000242376
   245.00        0.0559881      0.000248501
   245.00        0.0556343      0.000244644
   245.00        0.0550179      0.000244056
   245.00        0.0555855      0.000243798
   245.00        0.0559641      0.000247595
   245.00        0.0558415      0.000245357
   245.00        0.0558117      0.000246667
   245.00        0.0559415      0.000246414
   245.00        0.0556668      0.000246188
   245.00        0.0557889       0.00024682
   245.00         0.054924      0.000242422
   245.00        0.0552286      0.000244763
   245.00        0.0548857      0.000242335
   245.00        0.0556665      0.000245012
   245.00        0.0559389      0.000247184
   245.00        0.0551695      0.000245475
   245.00        0.0555077      0.000243347
   245.00        0.0560834      0.000247405
   245.00        0.0555761      0.000245173
   245.00        0.0553283      0.000244405
   245.00        0.0549905      0.000243433
   245.00        0.0550898      0.000243775
   245.00         0.055399      0.000244804
   245.00        0.0554368      0.000243601
   245.00        0.0558387      0.000248603
   245.00        0.0558282      0.000246555
   245.00        0.0558377      0.000246098
   245.00        0.0557569      0.000245729
   245.00        0.0559492      0.000247114
   245.00         0.056732      0.000249685
   245.00        0.0555154      0.000244742
   275.00         0.167453      0.000913914
   275.00         0.167811      0.000900507
   275.00         0.168324      0.000909919
   275.00         0.166787      0.000904569
   275.00         0.169689      0.000927749
   275.00         0.165606       0.00088822
   275.00         0.167397      0.000889916
   275.00         0.167903      0.000927059
   275.00         0.167783      0.000909865
   275.00         0.167535      0.000906403
   275.00           0.1703      0.000903515
   275.00         0.165476      0.000910207
   275.00          0.16693      0.000910202
   275.00         0.168243      0.000905124
   275.00         0.166757      0.000896197
   275.00         0.167912      0.000918998
   275.00         0.167283      0.000895789
   275.00         0.167619      0.000911669
   275.00         0.165136      0.000887882
   275.00         0.168257      0.000922476
   275.00         0.167046      0.000897496
   275.00         0.164654       0.00090422
   275.00          0.16676      0.000891133
   275.00         0.168074        0.0009157
   275.00         0.167528      0.000900665
   275.00         0.167588      0.000910289
   275.00         0.167977      0.000906251
   275.00         0.167046      0.000909828
   275.00         0.167581       0.00091206
   275.00         0.164306      0.000892721
   275.00         0.165284      0.000906584
   275.00         0.164437      0.000892613
   275.00         0.167055      0.000900076
   275.00         0.167964      0.000912682
   275.00         0.165456       0.00091305
   275.00         0.166257      0.000889586
   275.00         0.168385      0.000911088
   275.00         0.166823      0.000903697
   275.00         0.165708      0.000901913
   275.00          0.16478      0.000899402
   275.00          0.16495      0.000901315
   275.00         0.166198      0.000902472
   275.00         0.166145      0.000893347
   275.00         0.167554      0.000926347
   275.00         0.167544      0.000909933
   275.00          0.16767      0.000905478
   275.00         0.167423      0.000904565
   275.00         0.168016      0.000910763
   275.00         0.170563      0.000917556
   275.00         0.166496      0.000900954
   325.00        0.0730364      0.000649535
   325.00        0.0734185      0.000639956
   325.00        0.0735617      0.000647243
   325.00        0.0728109      0.000642214
   325.00         0.074246      0.000661186
   325.00        0.0722207      0.000629532
   325.00        0.0731693      0.000630632
   325.00        0.0732921      0.000660933
   325.00        0.0732995      0.000646741
   325.00        0.0731746      0.000644186
   325.00        0.0745699      0.000641358
   325.00        0.0721534      0.000647563
   325.00        0.0729361      0.000648243
   325.00        0.0734733      0.000642099
   325.00        0.0728731      0.000636853
   325.00        0.0732257       0.00065262
   325.00        0.0729863        0.0006345
   325.00        0.0732596      0.000648852
   325.00        0.0717807      0.000626083
   325.00        0.0736418      0.000659449
   325.00        0.0729797      0.000634576
   325.00        0.0715708      0.000643117
   325.00        0.0727589       0.00062942
   325.00         0.073467      0.000652964
   325.00         0.073098      0.000638322
   325.00        0.0732354      0.000647708
   325.00        0.0734005      0.000643687
   325.00        0.0729253      0.000647338
   325.00        0.0732694      0.000649038
   325.00        0.0713642      0.000631642
   325.00        0.0718407      0.000643248
   325.00        0.0715896      0.000632077
   325.00        0.0729193      0.000638454
   325.00        0.0734018      0.000649583
   325.00        0.0721519      0.000649665
   325.00        0.0723655      0.000629197
   325.00        0.0735686       0.00064749
   325.00        0.0728585      0.000642296
   325.00          0.07212      0.000639956
   325.00        0.0717519      0.000637449
   325.00        0.0717779      0.000639224
   325.00        0.0724835      0.000640677
   325.00        0.0723751      0.000633185
   325.00        0.0731367       0.00065975
   325.00        0.0731484      0.000646534
   325.00        0.0732742      0.000643806
   325.00        0.0731655      0.000643009
   325.00        0.0734282      0.000647664
   325.00        0.0746774       0.00065305
   325.00        0.0726193      0.000639436
   375.00        0.0341771      0.000529282
   375.00         0.034462      0.000521451
   375.00        0.0344878      0.000527811
   375.00        0.0341053      0.000522841
   375.00        0.0348444      0.000539866
   375.00        0.0337991      0.000511946
   375.00        0.0343138      0.000512601
   375.00        0.0343235      0.000540009
   375.00        0.0343524      0.000526845
   375.00         0.034292      0.000525063
   375.00        0.0350378      0.000521996
   375.00        0.0337497      0.000528214
   375.00        0.0342051      0.000529291
   375.00        0.0344116      0.000522306
   375.00        0.0341728      0.000519099
   375.00        0.0342519      0.000531184
   375.00        0.0341709       0.00051564
   375.00        0.0343498       0.00052933
   375.00        0.0334745       0.00050669
   375.00        0.0345805      0.000540159
   375.00        0.0342207      0.000514327
   375.00        0.0333649      0.000524956
   375.00        0.0340528      0.000510037
   375.00         0.034459      0.000533676
   375.00        0.0342103      0.000518971
   375.00        0.0343379      0.000528264
   375.00        0.0344149      0.000524242
   375.00        0.0341502      0.000528024
   375.00        0.0343793      0.000529646
   375.00        0.0332486      0.000512692
   375.00        0.0334826      0.000523504
   375.00         0.033454      0.000513562
   375.00        0.0341625       0.00051945
   375.00        0.0344081      0.000529956
   375.00        0.0337625      0.000529434
   375.00        0.0337859       0.00051132
   375.00        0.0344735      0.000527479
   375.00        0.0341518       0.00052353
   375.00        0.0336685      0.000520715
   375.00        0.0335285      0.000518461
   375.00        0.0334902      0.000520166
   375.00        0.0339425      0.000521577
   375.00        0.0338322      0.000515185
   375.00        0.0342462      0.000538248
   375.00        0.0342629      0.000526655
   375.00        0.0343565       0.00052491
   375.00        0.0343135      0.000524018
   375.00        0.0344258      0.000528005
   375.00        0.0350734      0.000532678
   375.00        0.0339785      0.000520694
   425.00        0.0174555      0.000448986
   425.00        0.0176455      0.000442307
   425.00        0.0176398        0.0004481
   425.00        0.0174349      0.000443076
   425.00        0.0178468      0.000458747
   425.00        0.0172568      0.000433522
   425.00        0.0175477      0.000433763
   425.00         0.017551      0.000459295
   425.00        0.0175668      0.000446497
   425.00        0.0175355      0.000445693
   425.00        0.0179408      0.000442315
   425.00        0.0172428       0.00044851
   425.00        0.0175088      0.000450021
   425.00        0.0175811      0.000442189
   425.00        0.0174794      0.000440662
   425.00        0.0174933      0.000449811
   425.00        0.0174497      0.000436344
   425.00        0.0175766      0.000449488
   425.00         0.017033      0.000426792
   425.00        0.0177282      0.000460644
   425.00        0.0175013      0.000433589
   425.00        0.0169955      0.000446357
   425.00        0.0173868      0.000430114
   425.00        0.0176372      0.000454162
   425.00         0.017466      0.000439303
   425.00        0.0175695      0.000448459
   425.00        0.0176034      0.000444513
   425.00        0.0174556      0.000448343
   425.00        0.0176162      0.000449986
   425.00        0.0169045      0.000433173
   425.00        0.0170461      0.000443439
   425.00        0.0170675       0.00043441
   425.00        0.0174579      0.000440052
   425.00        0.0176037      0.000450075
   425.00        0.0172543      0.000448699
   425.00        0.0172141       0.00043306
   425.00        0.0176212      0.000447243
   425.00        0.0174734       0.00044433
   425.00        0.0171502      0.000441044
   425.00        0.0171213      0.000438987
   425.00        0.0170699       0.00044061
   425.00        0.0173485      0.000442099
   425.00        0.0172527      0.000436898
   425.00        0.0175147      0.000456648
   425.00        0.0175145      0.000446628
   425.00        0.0175751      0.000445556
   425.00        0.0175561      0.000444549
   425.00        0.0176119      0.000448097
   425.00        0.0179623      0.000452305
   425.00        0.0173473       0.00044159
   475.00       0.00850761      0.000393627
   475.00          0.00863      0.000387868
   475.00       0.00861333      0.000393206
   475.00       0.00850968      0.000388144
   475.00       0.00871792      0.000402802
   475.00       0.00842008      0.000379591
   475.00       0.00857612      0.000379467
   475.00       0.00855833      0.000403726
   475.00       0.00858103      0.000390959
   475.00       0.00855763       0.00039116
   475.00        0.0087784      0.000387453
   475.00        0.0084041       0.00039362
   475.00       0.00855635      0.000395654
   475.00       0.00857535       0.00038683
   475.00       0.00854229       0.00038676
   475.00       0.00852255       0.00039363
   475.00       0.00851844      0.000381781
   475.00       0.00858174      0.000394488
   475.00       0.00829065      0.000371678
   475.00       0.00866299      0.000406013
   475.00       0.00855276      0.000377693
   475.00       0.00826404       0.00039257
   475.00       0.00847824      0.000374945
   475.00       0.00861808       0.00039951
   475.00       0.00852287      0.000384496
   475.00       0.00857872      0.000393453
   475.00       0.00859894      0.000389665
   475.00       0.00851305      0.000393401
   475.00       0.00860887      0.000395257
   475.00       0.00821979      0.000378381
   475.00       0.00828209      0.000388266
   475.00       0.00832303      0.000379992
   475.00       0.00852813       0.00038545
   475.00       0.00859078       0.00039504
   475.00       0.00840818      0.000392601
   475.00       0.00839007      0.000379879
   475.00       0.00859907      0.000391907
   475.00       0.00853537      0.000389889
   475.00       0.00834312      0.000385916
   475.00       0.00835064      0.000384686
   475.00       0.00830282      0.000386099
   475.00       0.00847407       0.00038733
   475.00       0.00841064      0.000383146
   475.00       0.00853854      0.000400363
   475.00       0.00854632      0.000391548
   475.00       0.00858268      0.000390905
   475.00       0.00858073       0.00038982
   475.00       0.00859925      0.000393111
   475.00       0.00878075       0.00039691
   475.00       0.00846128      0.000387219
   525.00       0.00443467      0.000346639
   525.00       0.00451639      0.000341651
   525.00       0.00449843      0.000346552
   525.00       0.00444403      0.000341575
   525.00       0.00455398      0.000355152
   525.00       0.00439653      0.000333957
   525.00       0.00449313      0.000333592
   525.00       0.00445375      0.000356305
   525.00       0.00448355      0.000343873
   525.00       0.00446805      0.000344825
   525.00       0.00460323      0.000340975
   525.00        0.0043753      0.000346938
   525.00       0.00446303       0.00034929
   525.00       0.00448335      0.000340013
   525.00       0.00446264      0.000340975
   525.00       0.00444533      0.000346026
   525.00       0.00445333      0.000335695
   525.00       0.00447993      0.000347693
   525.00       0.00432207      0.000325393
   525.00       0.00451893      0.000359216
   525.00       0.00449193      0.000330649
   525.00       0.00427464      0.000346746
   525.00       0.00444042      0.000328523
   525.00        0.0044936      0.000352878
   525.00       0.00444808      0.000338168
   525.00       0.00448122      0.000346678
   525.00       0.00449373      0.000343156
   525.00       0.00444122      0.000346663
   525.00       0.00449679      0.000348653
   525.00       0.00427145      0.000332167
   525.00       0.00429728      0.000341525
   525.00        0.0043387      0.000333991
   525.00       0.00445157      0.000339188
   525.00       0.00448737      0.000348239
   525.00       0.00439248      0.000344954
   525.00       0.00435349      0.000334874
   525.00       0.00448989      0.000344961
   525.00       0.00445884       0.00034364
   525.00       0.00434733      0.000339271
   525.00       0.00433867       0.00033861
   525.00       0.00430813       0.00033986
   525.00       0.00442436      0.000340885
   525.00       0.00438713      0.000337752
   525.00       0.00444272      0.000352325
   525.00       0.00446034      0.000344803
   525.00       0.00448586      0.000344501
   525.00       0.00448498      0.000343338
   525.00       0.00449019      0.000346395
   525.00       0.00459552      0.000349818
   525.00       0.00441476      0.000341177
   575.00       0.00262889       0.00031004
   575.00       0.00268726      0.000305637
   575.00       0.00267133      0.000310197
   575.00        0.0026393      0.000305305
   575.00       0.00270688      0.000317978
   575.00       0.00260881      0.000298454
   575.00       0.00266816      0.000297885
   575.00       0.00264535      0.000319332
   575.00       0.00266356      0.000307031
   575.00       0.00265267      0.000308829
   575.00       0.00273817      0.000304774
   575.00       0.00259541      0.000310567
   575.00       0.00265879      0.000313204
   575.00       0.00265518      0.000303521
   575.00       0.00265167      0.000305324
   575.00       0.00263655      0.000308925
   575.00        0.0026414      0.000299855
   575.00       0.00266227      0.000311211
   575.00       0.00255527      0.000289451
   575.00       0.00269155      0.000322666
   575.00       0.00266758      0.000294003
   575.00        0.0025334      0.000311091
   575.00       0.00262899      0.000292453
   575.00       0.00267447      0.000316515
   575.00       0.00263675       0.00030214
   575.00       0.00266293      0.000310206
   575.00       0.00266985       0.00030704
   575.00        0.0026354      0.000310082
   575.00       0.00267891      0.000312272
   575.00       0.00252506      0.000296287
   575.00        0.0025402      0.000305098
   575.00       0.00257699      0.000298221
   575.00       0.00264725      0.000303189
   575.00       0.00266296      0.000311779
   575.00       0.00260483      0.000307617
   575.00       0.00258504      0.000300028
   575.00       0.00266279      0.000308383
   575.00       0.00265302      0.000307606
   575.00       0.00256559      0.000302876
   575.00       0.00258911      0.000302732
   575.00       0.00255233      0.000303843
   575.00        0.0026389      0.000304615
   575.00       0.00259704      0.000302507
   575.00       0.00264302      0.000314737
   575.00       0.00264813      0.000308284
   575.00       0.00266387      0.000308514
   575.00       0.00266568      0.000307119
   575.00        0.0026694       0.00031001
   575.00       0.00273114      0.000313114
   575.00       0.00261082      0.000305475
