Nsimul N of bins: 13
Total Events:               804903
NsimulEven:             402505.7
NsimulOdd:             402397.3
NdetectorResponse: 804903
NdetectorResponseEffCorr: 804903
Real Data: 38018.37
xini, bini in Detector Unfolding
1	268985.4	148715.6
2	168134.4	164140.4
3	102622.6	137367.1
4	82475.21	122879.2
5	49666.69	70662.83
6	50958.57	66597.02
7	29269.62	34863.4
8	28843.81	33124.62
9	17513.91	19147.9
10	4164.803	4299.541
11	1393.684	1889.049
12	654.8995	793.2793
13	297.9422	423.0201
Effi Reco stage Syst
Bin	Wpt yield 	Cov_i_i	Err	Err/Wpt(%)
=============================================================
1	7553.0322		29.8260		5.4613		0.0723
2	7963.5293		21.8056		4.6696		0.0586
3	6154.9757		17.3612		4.1667		0.0677
4	5462.5416		29.2949		5.4125		0.0991
5	3200.0184		17.8162		4.2209		0.1319
6	3057.6655		48.7537		6.9824		0.2284
7	1631.5835		133.4852		11.5536		0.7081
8	1631.5416		96.4491		9.8208		0.6019
9	1007.5269		0.5967		0.7725		0.0767
10	237.4079		0.2128		0.4613		0.1943
11	71.6446		0.0345		0.1857		0.2593
12	37.4079		0.0134		0.1159		0.3099
13	9.4924		0.0005		0.0234		0.2467
Smear Reco stage Syst
Bin	Wpt yield 		Cov_i_i		Err	Err/Wpt(%)
	 					
1	7553.0322		27.1395		5.2096		0.0690
2	7963.5293		19.5699		4.4238		0.0556
3	6154.9757		17.1926		4.1464		0.0674
4	5462.5416		1809.3083		42.5360		0.7787
5	3200.0184		18.0091		4.2437		0.1326
6	3057.6655		85.7489		9.2601		0.3028
7	1631.5835		133.7010		11.5629		0.7087
8	1631.5416		100.6213		10.0310		0.6148
9	1007.5269		0.5996		0.7743		0.0769
10	237.4079		0.2025		0.4499		0.1895
11	71.6446		0.0368		0.1919		0.2679
12	37.4079		0.0137		0.1170		0.3128
13	9.4924		0.0005		0.0214		0.2252
Recoil Reco stage Syst
Bin	Wpt yield 		Cov_i_i		Err	Err/Wpt(%)
	 					
1	7553.0322		29.5651		5.4374		0.0720
2	7963.5293		19.9941		4.4715		0.0561
3	6154.9757		17.3412		4.1643		0.0677
4	5462.5416		19.3983		4.4044		0.0806
5	3200.0184		18.7253		4.3273		0.1352
6	3057.6655		75.8390		8.7086		0.2848
7	1631.5835		144.9684		12.0403		0.7380
8	1631.5416		184.6990		13.5904		0.8330
9	1007.5269		0.5624		0.7499		0.0744
10	237.4079		0.3068		0.5539		0.2333
11	71.6446		0.0430		0.2074		0.2894
12	37.4079		0.0298		0.1726		0.4613
13	9.4924		0.0023		0.0477		0.5024
Statistic Reco stage
Bin	Wpt yield 		Cov_i_i		Err	Err/Wpt(%)
	 					
1	7553.0322		7553.0322		86.9082		1.1506
2	7963.5293		7963.5293		89.2386		1.1206
3	6154.9757		6154.9757		78.4537		1.2746
4	5462.5416		5462.5416		73.9090		1.3530
5	3200.0184		3200.0184		56.5687		1.7678
6	3057.6655		3057.6655		55.2962		1.8084
7	1631.5835		1631.5835		40.3929		2.4757
8	1631.5416		1631.5416		40.3923		2.4757
9	1007.5269		1007.5269		31.7416		3.1504
10	237.4079		237.4079		15.4080		6.4901
11	71.6446		71.6446		8.4643		11.8143
12	37.4079		37.4079		6.1162		16.3500
13	9.4924		9.4924		3.0810		32.4572


Systematics 
Bin		Statistic err		Lept Recon Effi Syst 		Smear Syst		Recoil syst		
		 										
1		1.1506		0.0723		0.0690		0.0720
2		1.1206		0.0586		0.0556		0.0561
3		1.2746		0.0677		0.0674		0.0677
4		1.3530		0.0991		0.7787		0.0806
5		1.7678		0.1319		0.1326		0.1352
6		1.8084		0.2284		0.3028		0.2848
7		2.4757		0.7081		0.7087		0.7380
8		2.4757		0.6019		0.6148		0.8330
9		3.1504		0.0767		0.0769		0.0744
10		6.4901		0.1943		0.1895		0.2333
11		11.8143		0.2593		0.2679		0.2894
12		16.3500		0.3099		0.3128		0.4613
13		32.4572		0.2467		0.2252		0.5024



Total Systematics - Reconstruction stage
		Sqrt(LeptRecEff^2 +  Smear^2 +Recoil^2 ) 
		 		
0.1232
0.0984
0.1170
0.7891
0.2308
0.4743
1.2443
1.1976
0.1316
0.3579
0.4720
0.6378
0.6033
Unfolding response Matrices
Bin	 dUnf	 FSR Unf
1 1	95587.0733	326087.0000
1 2	36828.9287	3214.0000
1 3	11266.5622	429.0000
1 4	3838.3957	167.0000
1 5	840.9659	44.0000
1 6	294.4311	23.0000
1 7	51.4916	9.0000
1 8	7.7893	2.0000
1 9	0.0000	0.0000
1 10	0.0000	0.0000
1 11	0.0000	0.0000
1 12	0.0000	0.0000
1 13	0.0000	0.0000
2 1	86136.8835	4815.0000
2 2	47176.1049	196811.0000
2 3	19823.6183	2169.0000
2 4	8280.9381	392.0000
2 5	1948.5161	98.0000
2 6	646.6577	52.0000
2 7	108.1745	15.0000
2 8	18.5542	9.0000
2 9	0.9846	0.0000
2 10	0.0000	0.0000
2 11	0.0000	0.0000
2 12	0.0000	0.0000
2 13	0.0000	0.0000
3 1	50671.6903	1329.0000
3 2	40927.5276	2262.0000
3 3	25292.0507	120093.0000
3 4	14340.2379	1634.0000
3 5	4316.1146	240.0000
3 6	1527.5660	95.0000
3 7	235.6256	18.0000
3 8	54.3703	9.0000
3 9	1.9529	2.0000
3 10	0.0000	0.0000
3 11	0.0000	0.0000
3 12	0.0000	0.0000
3 13	0.0000	0.0000
4 1	26644.5452	355.0000
4 2	29463.2837	531.0000
4 3	27013.8765	1154.0000
4 4	23520.5783	96830.0000
4 5	10510.8057	1246.0000
4 6	4852.0584	296.0000
4 7	717.7659	68.0000
4 8	149.4174	27.0000
4 9	6.8255	1.0000
4 10	0.0000	0.0000
4 11	0.0000	0.0000
4 12	0.0000	0.0000
4 13	0.0000	0.0000
5 1	7452.0009	26.0000
5 2	9699.7396	37.0000
5 3	12618.1625	127.0000
5 4	17649.7878	617.0000
5 5	12434.2039	58363.0000
5 6	8828.6042	1136.0000
5 7	1653.4119	99.0000
5 8	323.0282	44.0000
5 9	3.8875	11.0000
5 10	0.0000	1.0000
5 11	0.0000	0.0000
5 12	0.0000	0.0000
5 13	0.0000	0.0000
6 1	2285.4536	10.0000
6 2	3657.9490	10.0000
6 3	5745.6697	14.0000
6 4	12209.5457	42.0000
6 5	14648.7556	333.0000
6 6	19151.6988	60278.0000
6 7	7121.8516	799.0000
6 8	1708.1189	139.0000
6 9	67.9803	28.0000
6 10	0.0000	0.0000
6 11	0.0000	0.0000
6 12	0.0000	0.0000
6 13	0.0000	0.0000
7 1	148.5434	0.0000
7 2	366.3526	1.0000
7 3	783.8747	2.0000
7 4	2263.0389	1.0000
7 5	4118.8736	6.0000
7 6	11578.4991	92.0000
7 7	10300.1829	34458.0000
7 8	5060.2350	616.0000
7 9	243.7965	55.0000
7 10	0.0000	4.0000
7 11	0.0000	2.0000
7 12	0.0000	0.0000
7 13	0.0000	0.0000
8 1	24.3088	0.0000
8 2	14.5261	2.0000
8 3	78.7658	1.0000
8 4	370.7318	0.0000
8 5	833.7151	1.0000
8 6	3928.3711	0.0000
8 7	8467.8356	38.0000
8 8	16209.5010	33829.0000
8 9	3194.9643	409.0000
8 10	1.9046	10.0000
8 11	0.0000	4.0000
8 12	0.0000	0.0000
8 13	0.0000	0.0000
9 1	13.5917	1.0000
9 2	0.0000	0.0000
9 3	0.0000	0.0000
9 4	1.9591	0.0000
9 5	14.7351	0.0000
9 6	150.6857	0.0000
9 7	612.3538	0.0000
9 8	5288.5456	8.0000
9 9	12633.2776	20232.0000
9 10	432.7491	146.0000
9 11	0.0000	9.0000
9 12	0.0000	1.0000
9 13	0.0000	0.0000
10 1	5.8352	0.0000
10 2	0.0000	0.0000
10 3	0.0000	0.0000
10 4	0.0000	0.0000
10 5	0.0000	0.0000
10 6	0.0000	0.0000
10 7	0.9288	0.0000
10 8	24.2499	0.0000
10 9	1352.5130	0.0000
10 10	2740.5374	4783.0000
10 11	175.4772	53.0000
10 12	0.0000	3.0000
10 13	0.0000	0.0000
11 1	2.8727	0.0000
11 2	0.0000	0.0000
11 3	0.0000	0.0000
11 4	0.0000	0.0000
11 5	0.0000	0.0000
11 6	0.0000	0.0000
11 7	0.0000	0.0000
11 8	0.0000	0.0000
11 9	7.7314	0.0000
11 10	662.1794	0.0000
11 11	1163.0467	1565.0000
11 12	53.2185	17.0000
11 13	0.0000	0.0000
12 1	2.9446	0.0000
12 2	0.0000	0.0000
12 3	0.0000	0.0000
12 4	0.0000	0.0000
12 5	0.0000	0.0000
12 6	0.0000	0.0000
12 7	0.0000	0.0000
12 8	0.0000	0.0000
12 9	0.0000	0.0000
12 10	125.7660	0.0000
12 11	55.1605	0.0000
12 12	601.6810	750.0000
12 13	7.7272	10.0000
13 1	7.7123	0.0000
13 2	0.0000	0.0000
13 3	0.0000	0.0000
13 4	0.0000	0.0000
13 5	0.0000	0.0000
13 6	0.0000	0.0000
13 7	0.0000	0.0000
13 8	0.0000	0.0000
13 9	0.0000	0.0000
13 10	131.9290	0.0000
13 11	0.0000	0.0000
13 12	0.0000	0.0000
13 13	283.3789	338.0000
bini and xini in Unfolding
Bin	 dUnf bini	 dUnf xini	 FSR Unf bini	 FSR Unf xini
1	148715.6379	268985.3561	329975.0000	332623.0000
2	164140.4319	168134.4122	204361.0000	202868.0000
3	137367.1358	102622.5805	125682.0000	123989.0000
4	122879.1566	82475.2135	100508.0000	99683.0000
5	70662.8267	49666.6855	60461.0000	60331.0000
6	66597.0232	50958.5722	61653.0000	61972.0000
7	34863.3968	29269.6223	35237.0000	35504.0000
8	33124.6243	28843.8097	34294.0000	34683.0000
9	19147.8977	17513.9136	20397.0000	20738.0000
10	4299.5415	4164.8025	4839.0000	4944.0000
11	1889.0486	1393.6844	1582.0000	1633.0000
12	793.2793	654.8995	760.0000	771.0000
13	423.0201	297.9422	338.0000	348.0000
Effi Detector Unfolding stage Syst
Bin	Wpt yield 		Cov_i_i		Err	Err/Wpt(%)
	 					
1	13534.6821		54.8271		7.4045		0.0547
2	7898.8079		13.1801		3.6304		0.0460
3	4474.8251		15.4406		3.9294		0.0878
4	3495.3869		19.2576		4.3884		0.1255
5	2163.2176		16.6955		4.0860		0.1889
6	2347.3706		42.8068		6.5427		0.2787
7	1424.5220		21.0782		4.5911		0.3223
8	1454.8344		17.7934		4.2182		0.2899
9	886.8405		3.1031		1.7615		0.1986
10	204.1047		0.0713		0.2670		0.1308
11	64.9268		0.0049		0.0699		0.1077
12	29.0983		0.0013		0.0357		0.1225
13	12.8346		0.0003		0.0180		0.1399
Smear Detector Unfolding stage Syst
Bin	Wpt yield 		Cov_i_i		Err	Err/Wpt(%)
	 					
1	13534.6821		90.9006		9.5342		0.0704
2	7898.8079		130.2476		11.4126		0.1445
3	4474.8251		239.5532		15.4775		0.3459
4	3495.3869		179.9664		13.4152		0.3838
5	2163.2176		40.8789		6.3937		0.2956
6	2347.3706		50.7065		7.1209		0.3034
7	1424.5220		23.1425		4.8107		0.3377
8	1454.8344		19.1035		4.3708		0.3004
9	886.8405		3.2902		1.8139		0.2045
10	204.1047		0.0756		0.2749		0.1347
11	64.9268		0.0055		0.0741		0.1142
12	29.0983		0.0015		0.0387		0.1331
13	12.8346		0.0004		0.0196		0.1526
Recoil Detector Unfolding stage Syst
Bin	Wpt yield 		Cov_i_i		Err	Err/Wpt(%)
	 					
1	13534.6821		62.4277		7.9011		0.0584
2	7898.8079		11.7161		3.4229		0.0433
3	4474.8251		17.0344		4.1273		0.0922
4	3495.3869		26.4127		5.1393		0.1470
5	2163.2176		21.5231		4.6393		0.2145
6	2347.3706		53.6866		7.3271		0.3121
7	1424.5220		30.1316		5.4892		0.3853
8	1454.8344		29.7321		5.4527		0.3748
9	886.8405		5.5754		2.3612		0.2663
10	204.1047		0.1236		0.3516		0.1723
11	64.9268		0.0067		0.0821		0.1264
12	29.0983		0.0016		0.0398		0.1369
13	12.8346		0.0004		0.0203		0.1580
Statistic Detector Unfolding stage
Bin	Wpt yield 		Cov_i_i		Err	Err/Wpt(%)
	 					
1	13534.6821		16519.9211		128.5298		0.9496
2	7898.8079		2911.4526		53.9579		0.6831
3	4474.8251		2200.2561		46.9069		1.0482
4	3495.3869		2499.4311		49.9943		1.4303
5	2163.2176		1053.1588		32.4524		1.5002
6	2347.3706		1171.4288		34.2261		1.4581
7	1424.5220		409.6241		20.2392		1.4208
8	1454.8344		537.0352		23.1740		1.5929
9	886.8405		365.5416		19.1191		2.1559
10	204.1047		41.1709		6.4165		3.1437
11	64.9268		8.3318		2.8865		4.4458
12	29.0983		2.7521		1.6589		5.7012
13	12.8346		0.6979		0.8354		6.5091
Stat+Syst+RespMatErr systematic after Detector Unfolding
Bin	Wpt yield 		Cov_i_i		Err	Err/Wpt(%)
	 					
1	13534.6821		16728.0765		129.3371		0.9556
2	7898.8079		3066.5964		55.3769		0.7011
3	4474.8251		2472.2843		49.7221		1.1112
4	3495.3869		2725.0678		52.2022		1.4935
5	2163.2176		1132.2564		33.6490		1.5555
6	2347.3706		1318.6287		36.3129		1.5470
7	1424.5220		483.9764		21.9995		1.5443
8	1454.8344		603.6641		24.5696		1.6888
9	886.8405		377.5102		19.4296		2.1909
10	204.1047		41.4414		6.4375		3.1540
11	64.9268		8.3489		2.8894		4.4503
12	29.0983		2.7565		1.6603		5.7057
13	12.8346		0.6990		0.8361		6.5144



Systematics
Bin		Statistic err		Lept Recon Effi Syst 				Smear Syst		Recoil syst
		 												
1		0.9496		0.0547		0.0704		0.0584
2		0.6831		0.0460		0.1445		0.0433
3		1.0482		0.0878		0.3459		0.0922
4		1.4303		0.1255		0.3838		0.1470
5		1.5002		0.1889		0.2956		0.2145
6		1.4581		0.2787		0.3034		0.3121
7		1.4208		0.3223		0.3377		0.3853
8		1.5929		0.2899		0.3004		0.3748
9		2.1559		0.1986		0.2045		0.2663
10		3.1437		0.1308		0.1347		0.1723
11		4.4458		0.1077		0.1142		0.1264
12		5.7012		0.1225		0.1331		0.1369
13		6.5091		0.1399		0.1526		0.1580



Systematics Detector Unfolding stage
		Sqrt(LeptRecEff^2 +  Smear^2 +Recoil^2) 
		 		
0.1066
0.1577
0.3686
0.4297
0.4111
0.5169
0.6053
0.5611
0.3901
0.2548
0.2015
0.2269
0.2604
SVD_Post.uTotalCovMat  -  Systematics; 
Bin	Wpt yield 		Cov_i_i		Err	Err/Wpt(%)
==================================================================================================
1	13534.6821		17478.2023		132.2052		0.9768
2	7898.8079		3194.9388		56.5238		0.7156
3	4474.8251		2586.1334		50.8540		1.1364
4	3495.3869		2846.6681		53.3542		1.5264
5	2163.2176		1180.3846		34.3567		1.5882
6	2347.3706		1374.1709		37.0698		1.5792
7	1424.5220		505.2256		22.4772		1.5779
8	1454.8344		632.1208		25.1420		1.7282
9	886.8405		398.4152		19.9603		2.2507
10	204.1047		44.2201		6.6498		3.2580
11	64.9268		8.9789		2.9965		4.6152
12	29.0983		2.9812		1.7266		5.9338
13	12.8346		0.7593		0.8714		6.7895
SVD_Post.uTotalSystCov  -  Systematics; 
Bin	Wpt yield 		Cov_i_i		Err	Err/Wpt(%)
==================================================================================================
1	13534.6821		208.1554		14.4276		0.1066
2	7898.8079		155.1438		12.4557		0.1577
3	4474.8251		272.0282		16.4933		0.3686
4	3495.3869		225.6368		15.0212		0.4297
5	2163.2176		79.0976		8.8937		0.4111
6	2347.3706		147.1999		12.1326		0.5169
7	1424.5220		74.3523		8.6228		0.6053
8	1454.8344		66.6290		8.1627		0.5611
9	886.8405		11.9686		3.4596		0.3901
10	204.1047		0.2705		0.5201		0.2548
11	64.9268		0.0171		0.1308		0.2015
12	29.0983		0.0044		0.0660		0.2269
13	12.8346		0.0011		0.0334		0.2604
SVD_Post.uAdetCov  -  Response Matrix Systematics; 
Bin	Wpt yield 		Cov_i_i		Err	Err/Wpt(%)
==================================================================================================
1	13534.6821		750.1259		27.3884		0.2024
2	7898.8079		128.3424		11.3288		0.1434
3	4474.8251		113.8491		10.6700		0.2384
4	3495.3869		121.6003		11.0273		0.3155
5	2163.2176		48.1283		6.9375		0.3207
6	2347.3706		55.5421		7.4527		0.3175
7	1424.5220		21.2491		4.6097		0.3236
8	1454.8344		28.4567		5.3345		0.3667
9	886.8405		20.9051		4.5722		0.5156
10	204.1047		2.7788		1.6670		0.8167
11	64.9268		0.6300		0.7937		1.2225
12	29.0983		0.2248		0.4741		1.6294
13	12.8346		0.0603		0.2455		1.9131
SVD_Post.uTauCov Detector Unfolding 
Bin	Wpt yield 		Cov_i_i		Err	Err/Wpt(%)
	 					
1	13534.6821		16641.1204		129.0005		0.9531
2	7898.8079		2931.6620		54.1448		0.6855
3	4474.8251		2417.2576		49.1656		1.0987
4	3495.3869		2733.8909		52.2866		1.4959
5	2163.2176		1116.3800		33.4123		1.5446
6	2347.3706		1274.8559		35.7051		1.5211
7	1424.5220		488.6497		22.1054		1.5518
8	1454.8344		626.3963		25.0279		1.7203
9	886.8405		376.3910		19.4008		2.1876
10	204.1047		40.4140		6.3572		3.1147
11	64.9268		8.0863		2.8436		4.3798
12	29.0983		2.6604		1.6311		5.6054
13	12.8346		0.6733		0.8205		6.3932
SVD_Post.uTauCov->Add( SVD_Post.uAdetCov); 
Bin	Wpt yield 		Cov_i_i		Err	Err/Wpt(%)
	 					
1	13534.6821		17391.2462		131.8759		0.9744
2	7898.8079		3060.0044		55.3173		0.7003
3	4474.8251		2531.1067		50.3101		1.1243
4	3495.3869		2855.4911		53.4368		1.5288
5	2163.2176		1164.5083		34.1249		1.5775
6	2347.3706		1330.3980		36.4746		1.5539
7	1424.5220		509.8988		22.5809		1.5852
8	1454.8344		654.8530		25.5901		1.7590
9	886.8405		397.2961		19.9323		2.2476
10	204.1047		43.1928		6.5721		3.2200
11	64.9268		8.7163		2.9523		4.5472
12	29.0983		2.8852		1.6986		5.8374
13	12.8346		0.7336		0.8565		6.6733
SVD_Post.uTotalRecoCovMat; 
Bin	Wpt yield 		Cov_i_i		Err	Err/Wpt(%)
	 					
1	13534.6821		17599.4016		132.6627		0.9802
2	7898.8079		3215.1482		56.7023		0.7179
3	4474.8251		2803.1349		52.9446		1.1832
4	3495.3869		3081.1279		55.5079		1.5880
5	2163.2176		1243.6059		35.2648		1.6302
6	2347.3706		1477.5979		38.4395		1.6376
7	1424.5220		584.2512		24.1713		1.6968
8	1454.8344		721.4820		26.8604		1.8463
9	886.8405		409.2647		20.2303		2.2812
10	204.1047		43.4633		6.5927		3.2300
11	64.9268		8.7334		2.9552		4.5516
12	29.0983		2.8896		1.6999		5.8418
13	12.8346		0.7347		0.8571		6.6784
Yields after Detector Unfolding (dUnf, MC efficiency and MC event SF correction)
1	13534.6821	1.2267	16603.5312
2	7898.8079	1.2155	9600.7013
3	4474.8251	1.2247	5480.3238
4	3495.3869	1.2186	4259.6355
5	2163.2176	1.2173	2633.3608
6	2347.3706	1.2099	2840.0019
7	1424.5220	1.2039	1714.9480
8	1454.8344	1.1890	1729.7331
9	886.8405	1.1646	1032.8294
10	204.1047	1.1619	237.1452
11	64.9268	1.1351	73.6997
12	29.0983	1.1605	33.7681
13	12.8346	1.1344	14.5601
FSR Syst 
Bin	Wpt yield 		Cov_i_i		Err	Err/Wpt(%)
	 					
1	13534.6821		7553.0322		116.3387		0.9520
2	7898.8079		7963.5293		88.8752		1.2405
3	4474.8251		6154.9757		66.8941		1.6543
4	3495.3869		5462.5416		59.1218		1.8672
5	2163.2176		3200.0184		46.5104		2.3722
6	2347.3706		3057.6655		48.4497		2.2703
7	1424.5220		1631.5835		37.7428		2.9071
8	1454.8344		1631.5416		38.1423		2.8587
9	886.8405		1007.5269		29.7799		3.6238
10	204.1047		237.4079		14.2865		7.5449
11	64.9268		71.6446		8.0577		13.2224
12	29.0983		37.4079		5.3943		19.9704
13	12.8346		9.4924		3.5825		29.7305
SVD_Post.uTauCov->Add( SVD_Post.uAdetCov); Eff applied
Bin	Wpt yield 		Cov_i_i		Err	Err/Wpt(%)
	 					
1	16603.5312		26171.9152		161.7774		0.9744
2	9600.7013		4520.6915		67.2361		0.7003
3	5480.3238		3796.3894		61.6148		1.1243
4	4259.6355		4240.6769		65.1205		1.5288
5	2633.3608		1725.6904		41.5414		1.5775
6	2840.0019		1947.4015		44.1294		1.5539
7	1714.9480		739.0054		27.1847		1.5852
8	1729.7331		925.7098		30.4255		1.7590
9	1032.8294		538.8656		23.2135		2.2476
10	237.1452		58.3088		7.6360		3.2200
11	73.6997		11.2309		3.3513		4.5472
12	33.7681		3.8856		1.9712		5.8374
13	14.5601		0.9441		0.9716		6.6733
Effi Detector Unfolding MCEventEff apply stage Syst
Bin	Wpt yield 		Cov_i_i		Err	Err/Wpt(%)
	 					
1	16603.5312		82.5088		9.0834		0.0547
2	9600.7013		19.4716		4.4127		0.0460
3	5480.3238		23.1592		4.8124		0.0878
4	4259.6355		28.5994		5.3478		0.1255
5	2633.3608		24.7412		4.9741		0.1889
6	2840.0019		62.6594		7.9158		0.2787
7	1714.9480		30.5491		5.5271		0.3223
8	1729.7331		25.1530		5.0153		0.2899
9	1032.8294		4.2088		2.0515		0.1986
10	237.1452		0.0962		0.3102		0.1308
11	73.6997		0.0063		0.0794		0.1077
12	33.7681		0.0017		0.0414		0.1225
13	14.5601		0.0004		0.0204		0.1399
Smear Detector Unfolding MCEventEff apply stage Syst
Bin	Wpt yield 		Cov_i_i		Err	Err/Wpt(%)
	 					
1	16603.5312		136.7954		11.6960		0.0704
2	9600.7013		192.4211		13.8716		0.1445
3	5480.3238		359.3042		18.9553		0.3459
4	4259.6355		267.2674		16.3483		0.3838
5	2633.3608		60.5787		7.7832		0.2956
6	2840.0019		74.2229		8.6153		0.3034
7	1714.9480		33.5409		5.7914		0.3377
8	1729.7331		27.0050		5.1966		0.3004
9	1032.8294		4.4626		2.1125		0.2045
10	237.1452		0.1020		0.3194		0.1347
11	73.6997		0.0071		0.0842		0.1142
12	33.7681		0.0020		0.0449		0.1331
13	14.5601		0.0005		0.0222		0.1526
Recoil Detector Unfolding MCEventEff apply stage Syst
Bin	Wpt yield 		Cov_i_i		Err	Err/Wpt(%)
	 					
1	16603.5312		93.9469		9.6926		0.0584
2	9600.7013		17.3087		4.1604		0.0433
3	5480.3238		25.5498		5.0547		0.0922
4	4259.6355		39.2253		6.2630		0.1470
5	2633.3608		31.8952		5.6476		0.2145
6	2840.0019		78.5851		8.8648		0.3121
7	1714.9480		43.6702		6.6083		0.3853
8	1729.7331		42.0298		6.4830		0.3748
9	1032.8294		7.5620		2.7499		0.2663
10	237.1452		0.1669		0.4085		0.1723
11	73.6997		0.0087		0.0932		0.1264
12	33.7681		0.0021		0.0462		0.1369
13	14.5601		0.0005		0.0230		0.1580
Statistic Detector Unfolding MCEventEff apply stage
Bin	Wpt yield 		Cov_i_i		Err	Err/Wpt(%)
	 					
1	16603.5312		24860.6666		157.6727		0.9496
2	9600.7013		4301.2287		65.5838		0.6831
3	5480.3238		3300.1489		57.4469		1.0482
4	4259.6355		3711.8937		60.9253		1.4303
5	2633.3608		1560.6810		39.5055		1.5002
6	2840.0019		1714.7066		41.4090		1.4581
7	1714.9480		593.6755		24.3655		1.4208
8	1729.7331		759.1608		27.5529		1.5929
9	1032.8294		495.7959		22.2665		2.1559
10	237.1452		55.5793		7.4551		3.1437
11	73.6997		10.7355		3.2765		4.4458
12	33.7681		3.7063		1.9252		5.7012
13	14.5601		0.8982		0.9477		6.5091
SVD_Post.Eff_DetectUnfStatisticCovMat statistic SVD_Post.EffCorr->GetBinError(i)
Bin	Wpt yield 		Cov_i_i		Err	Err/Wpt(%)
	 					
1	16603.5312		28032.2424		167.4283		1.0084
2	9600.7013		5519.9370		74.2963		0.7739
3	5480.3238		4328.0213		65.7877		1.2004
4	4259.6355		4641.2041		68.1264		1.5993
5	2633.3608		1980.0082		44.4973		1.6898
6	2840.0019		2236.5020		47.2917		1.6652
7	1714.9480		922.9514		30.3801		1.7715
8	1729.7331		1116.6850		33.4168		1.9319
9	1032.8294		652.0723		25.5357		2.4724
10	237.1452		83.4337		9.1342		3.8517
11	73.6997		18.5616		4.3083		5.8458
12	33.7681		7.1271		2.6697		7.9059
13	14.5601		2.2828		1.5109		10.3770
1	0.0101
2	0.0202
3	0.0244
4	0.0305
5	0.0187
6	0.0222
7	0.0140
8	0.0198
9	0.0164
10	0.0106
11	0.0114
12	0.0164
13	-0.0151
Lepton Effi
Bin	Wpt yield 		Cov_i_i		Err	Err/Wpt(%)
	 					
1	16484.7471		67.2740		8.2021		0.0498
2	9578.4749		16.2728		4.0340		0.0421
3	5530.8520		15.2956		3.9110		0.0707
4	4323.4146		23.4230		4.8397		0.1119
5	2648.3527		20.4293		4.5199		0.1707
6	2823.1039		43.3881		6.5870		0.2333
7	1686.0376		20.3947		4.5160		0.2678
8	1702.8558		21.3507		4.6207		0.2713
9	1039.3561		7.1539		2.6747		0.2573
10	250.4668		0.3695		0.6078		0.2427
11	83.1590		0.0375		0.1936		0.2328
12	39.3535		0.0080		0.0896		0.2277
13	17.7786		0.0016		0.0402		0.2259
Smear MC
Bin	Wpt yield 		Cov_i_i		Err	Err/Wpt(%)
	 					
1	16484.7471		65.8184		8.1129		0.0492
2	9578.4749		166.6596		12.9097		0.1348
3	5530.8520		236.9228		15.3923		0.2783
4	4323.4146		204.6433		14.3054		0.3309
5	2648.3527		61.5020		7.8423		0.2961
6	2823.1039		58.4343		7.6442		0.2708
7	1686.0376		21.3302		4.6185		0.2739
8	1702.8558		21.4887		4.6356		0.2722
9	1039.3561		7.3543		2.7119		0.2609
10	250.4668		0.3976		0.6306		0.2518
11	83.1590		0.0424		0.2060		0.2478
12	39.3535		0.0095		0.0974		0.2474
13	17.7786		0.0019		0.0441		0.2481
Recoil
Bin	Wpt yield 		Cov_i_i		Err	Err/Wpt(%)
	 					
1	16484.7471		73.5413		8.5756		0.0520
2	9578.4749		15.3218		3.9143		0.0409
3	5530.8520		18.4044		4.2900		0.0776
4	4323.4146		30.3901		5.5127		0.1275
5	2648.3527		25.8153		5.0809		0.1919
6	2823.1039		56.8627		7.5407		0.2671
7	1686.0376		29.1299		5.3972		0.3201
8	1702.8558		33.4451		5.7832		0.3396
9	1039.3561		12.0664		3.4737		0.3342
10	250.4668		0.6548		0.8092		0.3231
11	83.1590		0.0682		0.2611		0.3140
12	39.3535		0.0148		0.1215		0.3088
13	17.7786		0.0030		0.0545		0.3066
FSR
Bin	Wpt yield 		Cov_i_i		Err	Err/Wpt(%)
	 					
1	16484.7471		11210.5623		105.8799		0.6423
2	9578.4749		3220.3538		56.7482		0.5925
3	5530.8520		1559.2638		39.4875		0.7139
4	4323.4146		1285.4151		35.8527		0.8293
5	2648.3527		570.4995		23.8851		0.9019
6	2823.1039		769.1902		27.7343		0.9824
7	1686.0376		324.1719		18.0048		1.0679
8	1702.8558		463.7457		21.5348		1.2646
9	1039.3561		292.8847		17.1139		1.6466
10	250.4668		28.5905		5.3470		2.1348
11	83.1590		4.7215		2.1729		2.6130
12	39.3535		1.3826		1.1758		2.9879
13	17.7786		0.3221		0.5676		3.1923
Statistic
Bin	Wpt yield 		Cov_i_i		Err	Err/Wpt(%)
	 					
1	16484.7471		20073.2641		141.6801		0.8595
2	9578.4749		3782.0192		61.4981		0.6420
3	5530.8520		2441.5485		49.4120		0.8934
4	4323.4146		2996.1202		54.7368		1.2661
5	2648.3527		1323.0082		36.3732		1.3734
6	2823.1039		1366.7389		36.9694		1.3095
7	1686.0376		463.2922		21.5242		1.2766
8	1702.8558		633.6431		25.1723		1.4782
9	1039.3561		390.2657		19.7551		1.9007
10	250.4668		35.6940		5.9744		2.3853
11	83.1590		5.4860		2.3422		2.8166
12	39.3535		1.5180		1.2321		3.1308
13	17.7786		0.3431		0.5857		3.2945

Systematics
Bin		Statistic err		Lept Recon Effi Syst 				Smear Syst		Recoil syst		FSR Syst
		 												
1		0.8595		0.0498		0.0492		0.0520				0.6423
2		0.6420		0.0421		0.1348		0.0409				0.5925
3		0.8934		0.0707		0.2783		0.0776				0.7139
4		1.2661		0.1119		0.3309		0.1275				0.8293
5		1.3734		0.1707		0.2961		0.1919				0.9019
6		1.3095		0.2333		0.2708		0.2671				0.9824
7		1.2766		0.2678		0.2739		0.3201				1.0679
8		1.4782		0.2713		0.2722		0.3396				1.2646
9		1.9007		0.2573		0.2609		0.3342				1.6466
10		2.3853		0.2427		0.2518		0.3231				2.1348
11		2.8166		0.2328		0.2478		0.3140				2.6130
12		3.1308		0.2277		0.2474		0.3088				2.9879
13		3.2945		0.2259		0.2481		0.3066				3.1923



Systematics
Bin		Statistic err		Sqrt(LeptRecEff^2 +  Smear^2 +Recoil^2  +FSR^2) 
		 		
1		0.8595		0.6482
2		0.6420		0.6104
3		0.8934		0.7734
4		1.2661		0.9088
5		1.3734		0.9834
6		1.3095		1.0790
7		1.2766		1.1788
8		1.4782		1.3647
9		1.9007		1.7197
10		2.3853		2.1873
11		2.8166		2.6536
12		3.1308		3.0225
13		3.2945		3.2245



Systematics FSR stage yields as statistics
Bin		Statistic err		Sqrt(LeptRecEff^2 +  Smear^2 +Recoil^2 +FSR^2) 
		 		
1		0.7789		0.6482
2		1.0218		0.6104
3		1.3446		0.7734
4		1.5209		0.9088
5		1.9432		0.9834
6		1.8821		1.0790
7		2.4354		1.1788
8		2.4233		1.3647
9		3.1018		1.7197
10		6.3187		2.1873
11		10.9659		2.6536
12		15.9407		3.0225
13		23.7165		3.2245



Systematics Reco stage statistics
Bin		Statistic err		Sqrt(LeptRecEff^2 +  Smear^2 +Recoil^2 +FSR^2) 
		 		
1		1.1506		0.6482
2		1.1206		0.6104
3		1.2746		0.7734
4		1.3530		0.9088
5		1.7678		0.9834
6		1.8084		1.0790
7		2.4757		1.1788
8		2.4757		1.3647
9		3.1504		1.7197
10		6.4901		2.1873
11		11.8143		2.6536
12		16.3500		3.0225
13		32.4572		3.2245



Systematics Reco BinError/Yield as statistics
Bin		Statistic err		Sqrt(LeptRecEff^2 + Smear^2 +Recoil^2 +FSR^2) 
		 		
1		1.2108		0.6482
2		1.1857		0.6104
3		1.4041		0.7734
4		1.5163		0.9088
5		2.1285		0.9834
6		2.2853		1.0790
7		3.3942		1.1788
8		3.7508		1.3647
9		3.5821		1.7197
10		6.4604		2.1873
11		6.4934		2.6536
12		7.0486		3.0225
13		7.9010		3.2245
SVD_Born.uAdetCov  -  Response Matrix Systematics; 
Bin	Wpt yield 		Cov_i_i		Err	Err/Wpt(%)
==================================================================================================
1	16484.7471		543.5382		23.3139		0.1414
2	9578.4749		148.2720		12.1767		0.1271
3	5530.8520		69.9662		8.3646		0.1512
4	4323.4146		58.6733		7.6599		0.1772
5	2648.3527		25.5916		5.0588		0.1910
6	2823.1039		33.0460		5.7486		0.2036
7	1686.0376		14.4095		3.7960		0.2251
8	1702.8558		22.7652		4.7713		0.2802
9	1039.3561		15.1621		3.8939		0.3746
10	250.4668		1.5539		1.2466		0.4977
11	83.1590		0.2689		0.5185		0.6235
12	39.3535		0.0813		0.2851		0.7244
13	17.7786		0.0192		0.1386		0.7796
SVD_Born.uTotalCovMat
Bin	Wpt yield 		Cov_i_i		Err	Err/Wpt(%)
	 					
1	16484.7471		32915.3603		181.4259		1.1006
2	9578.4749		7516.0968		86.6954		0.9051
3	5530.8520		4466.4288		66.8313		1.2083
4	4323.4146		4747.1585		68.8996		1.5936
5	2648.3527		2089.0152		45.7057		1.7258
6	2823.1039		2390.7282		48.8951		1.7320
7	1686.0376		895.6995		29.9282		1.7751
8	1702.8558		1231.9856		35.0997		2.0612
9	1039.3561		748.6625		27.3617		2.6326
10	250.4668		69.5371		8.3389		3.3293
11	83.1590		10.9836		3.3142		3.9853
12	39.3535		3.1149		1.7649		4.4848
13	17.7786		0.7138		0.8449		4.7523
SVD_Born.uTauCov
Bin	Wpt yield 		Cov_i_i		Err	Err/Wpt(%)
	 					
1	16484.7471		12060.8413		109.8219		0.6662
2	9578.4749		3215.5319		56.7057		0.5920
3	5530.8520		1502.4148		38.7610		0.7008
4	4323.4146		1313.4968		36.2422		0.8383
5	2648.3527		605.8345		24.6137		0.9294
6	2823.1039		800.3291		28.2901		1.0021
7	1686.0376		340.6382		18.4564		1.0947
8	1702.8558		501.0184		22.3834		1.3145
9	1039.3561		313.0977		17.6946		1.7025
10	250.4668		30.1226		5.4884		2.1913
11	83.1590		4.9392		2.2224		2.6725
12	39.3535		1.4406		1.2002		3.0499
13	17.7786		0.3349		0.5787		3.2550
SVD_Born.uTotalCovMat + SVD_Born.uTauCov->Add( SVD_Born.uAdetCov);
Bin	Wpt yield 		Cov_i_i		Err	Err/Wpt(%)
	 					
1	16484.7471		32915.3603		181.4259		1.1006
2	9578.4749		7516.0968		86.6954		0.9051
3	5530.8520		4466.4288		66.8313		1.2083
4	4323.4146		4747.1585		68.8996		1.5936
5	2648.3527		2089.0152		45.7057		1.7258
6	2823.1039		2390.7282		48.8951		1.7320
7	1686.0376		895.6995		29.9282		1.7751
8	1702.8558		1231.9856		35.0997		2.0612
9	1039.3561		748.6625		27.3617		2.6326
10	250.4668		69.5371		8.3389		3.3293
11	83.1590		10.9836		3.3142		3.9853
12	39.3535		3.1149		1.7649		4.4848
13	17.7786		0.7138		0.8449		4.7523
Yields after FSR Unfolding and SF and bin-by-bin correction
1	16484.7471	0.9837	16758.0201
2	9578.4749	0.9839	9735.2297
3	5530.8520	0.9834	5624.2157
4	4323.4146	0.9843	4392.2453
5	2648.3527	0.9855	2687.3333
6	2823.1039	0.9849	2866.4718
7	1686.0376	0.9863	1709.4020
8	1702.8558	0.9861	1726.8645
9	1039.3561	0.9911	1048.6781
10	250.4668	0.9936	252.0879
11	83.1590	0.9933	83.7192
12	39.3535	0.9961	39.5066
13	17.7786	0.9971	17.8297
SVD Unfolding Systematic = SQRT(dUnf^2+FSRUnf_SVD^2)
1	0.1414
2	0.1271
3	0.1512
4	0.1772
5	0.1910
6	0.2036
7	0.2251
8	0.2802
9	0.3746
10	0.4977
11	0.6235
12	0.7244
13	0.7796
TotalError = 3.3521
TotalError = 3.0956
TotalError = 3.1454
TotalError = 3.2713
TotalError = 3.5471
TotalError = 3.6589
TotalError = 4.5840
TotalError = 4.5841
TotalError = 5.2185
TotalError = 9.5840
TotalError = 17.0849
TotalError = 22.7594
TotalError = 51.8199
